21061432.txt - VA.gov,https://www.va.gov/vetapp21/Files10/21061432.txt
Download - FepBlue,https://www.fepblue.org/-/media/FEPBlue-Redesign/Transcripts/Blue%2520HowTo%2520Health%2520Insurance%2520101.txt
21061429.txt - VA.gov,https://www.va.gov/vetapp21/Files10/21061429.txt
Transcript,https://www.gao.gov/assets/710/708950.txt
Exhibit A Key Benefit Information,https://employeehealthplan.northernlighthealth.org/getattachment/Providers/Resources/Exhibit-A-Key-Benefit-Information.pdf.aspx%3B%3B.txt
Download - FepBlue,https://www.fepblue.org/-/media/PDFs/Transcripts/HealthcareFinances101_2023_VideoTranscript.txt
[PDF] 2022 Benefit Guide,https://employeehealthplan.northernlighthealth.org/getattachment/Members/Resources/Benefit-Guide-2022-15.pdf.aspx%3B%3B.txt
promulgation of opnavinst 7220.11f nuclear officer bonus and ...,https://www.mynavyhr.navy.mil/Portals/55/Messages/NAVADMIN/NAV2017/NAV17129.txt%3Fver%3DiqzerU6raruzykLVoKv17Q%253D%253D
medicare-part-d-transcript.txt - HAP,https://www.hap.org/-/media/project/hap/hap/files/hap/medicare/transcripts/medicare-part-d-transcript.txt%3Frev%3Df24f33f02ac84998a22b63ccdb82c900%26hash%3D9112DDA8A016F53441A19C4BC2F22A00
545045.txt - Kerr County,http://www.co.kerr.tx.us/commcrt/minutes/2001%2520-%25202010/2006/545045.txt
MCE 834 Sample #2 - eMedNY,https://www.emedny.org/hipaa/5010/transactions/834_sample_files/MCE834Sample_2.txt
XSD Schema - IN.gov,https://www.in.gov/dcs/files/VoucherBuild-Schema.xsd.txt
0001387131-19-004327.txt - SEC.gov,https://www.sec.gov/Archives/edgar/data/25743/000138713119004327/0001387131-19-004327.txt
medicare-in-minutes-playlist.txt - HAP,https://www.hap.org/-/media/project/hap/hap/files/hap/medicare/transcripts/medicare-in-minutes-playlist.txt%3Frev%3D20fbf89b317246b7a29247bbdb5af9af%26hash%3D5505AB5BB1B25373F004160FA642BB6F
Revenue Center 1st ANSI Code Code Table FFS.txt - ResDAC,https://resdac.org/sites/datadocumentation.resdac.org/files/Revenue%2520Center%25201st%2520ANSI%2520Code%2520Code%2520Table%2520FFS.txt
74997.txt - Open Knowledge Repository - World Bank,https://openknowledge.worldbank.org/bitstream/10986/13313/2/74997.txt
Text - Minnesota.gov,https://mn.gov/mnddc/extra/customer-research/Qualitative_Statements06.txt
d20010715.txt - Utah Administrative Rules,https://rules.utah.gov/wp-content/uploads/d20010715.txt
2013-hcs-09-13.txt - Michigan Legislature,https://legislature.mi.gov/documents/2013-2014/committeeschedule/house/archive/2013-hcs-09-13.txt
maintenance type (update) - eMedNY,https://www.emedny.org/hipaa/5010/transactions/834_sample_files/834CGSample_UPDATE.txt
copay/i18n/docs/appstore_zh.txt at master - GitHub,https://github.com/antonio-fr/copay/blob/master/i18n/docs/appstore_zh.txt
View - AbacusRx,https://abacusrx.net/downloads/PLANLIST.TXT
Health-Service-Delivery-in-Fragile-Conflict-and-Violence-FCV ...,https://documents1.worldbank.org/curated/pt/762541537875200051/text/Health-Service-Delivery-in-Fragile-Conflict-and-Violence-FCV-Situations-Five-Key-Questions-to-be-Answered.txt
suggestions.txt,https://people.math.harvard.edu/~knill/various/standup/suggestions.txt
Documentation,https://hrs.isr.umich.edu/sites/default/files/restricted_data_docs/1651681418/Covid_Documentation_v20220303.txt
1995 Employee Benefits in Medium and Large Establishments,https://www.bls.gov/news.release/history/ebs3_020398.txt
h144bsu.txt,https://meps.ahrq.gov/data_stats/download_data/pufs/h144b/h144bsu.txt
2bmedic.txt - ASPE,http://www.aspe.hhs.gov/sites/default/files/private/aspe-files/210946/2bmedic.txt
assess_key.txt - Learn HIT,http://learnhit.com/content/inst/onc/comp/21/unit/5/assess_key.txt
