navadmin 183/21 - MyNavyHR,https://www.mynavyhr.navy.mil/Portals/55/Messages/NAVADMIN/NAV2021/NAV21183.txt%3Fver%3DaAzH8850PXz5XCKbTUdKCQ%253D%253D
robots.txt - Pair Eyewear,https://paireyewear.com/robots.txt
robots.txt - outika eyewear,http://outika-eyewear.com/robots.txt
here - Cloud Object Storage - Amazon S3,https://s3-us-west-2.amazonaws.com/oerfiles/WM%2BMarketing/Expensive%2BGlasses.txt
ExpensiveGlasses_transcript.txt - AWS,https://oerfiles.s3-us-west-2.amazonaws.com/WM%2BMarketing/Transcriptions/ExpensiveGlasses_transcript.txt
EYE CAN SEE EYEWEAR INC. | NPI:1932544269 - HIPAASpace,https://www.hipaaspace.com/medical_billing/coding/national_provider_identifier/codes/npi_1932544269.txt
polaroid-link-vto-plp.txt,https://www.polaroideyewear.com/ck-static/polaroid-link-vto-plp.txt
robots.txt - The Wright Eyewear Company,https://wrighteyewear.co.uk/robots.txt
455.txt - Federal Register,https://www.federalregister.gov/public-inspection/raw_text/202/328/455.txt
sc14d9.txt - SEC.gov,https://www.sec.gov/Archives/edgar/data/940183/000091205700032603/sc14d9.txt
"EYECARE-EYEWEAR CENTER, P.C. | NPI:1760627046 | National ...",https://www.hipaaspace.com/medical_billing/coding/national_provider_identifier/codes/npi_1760627046.txt
"- Cogan Eyewear, marque de créateur de lunettes",https://www.yvescogan.com/en/news/archives/sites/all/themes/CHANGELOG.txt
Document Display | NEPIS | US EPA,https://nepis.epa.gov/Exe/ZyNET.exe/30006BTB.txt%3FZyActionD%3DZyDocument%26Client%3DEPA%26Index%3D2016%2520Thru%25202020%257C2011%2520Thru%25202015%257C2000%2520Thru%25202005%257C2006%2520Thru%25202010%257CPrior%2520to%25201976%257C1976%2520Thru%25201980%257C1981%2520Thru%25201985%257C1986%2520Thru%25201990%257C1991%2520Thru%25201994%257C1995%2520Thru%25201999%257CHardcopy%2520Publications%26Docs%3D%26Query%3Dgloves%2520eyewear%2520resistant%2520protective%2520coveralls%26Time%3D%26EndTime%3D%26SearchMethod%3D2%26TocRestrict%3Dn%26Toc%3D%26TocEntry%3D%26QField%3D%26QFieldYear%3D%26QFieldMonth%3D%26QFieldDay%3D%26UseQField%3D%26IntQFieldOp%3D0%26ExtQFieldOp%3D0%26XmlQuery%3D%26File%3DD%253A%255CZYFILES%255CINDEX%2520DATA%255C91THRU94%255CTXT%255C00000013%255C30006BTB.txt%26User%3DANONYMOUS%26Password%3Danonymous%26SortMethod%3Dh%257C-%26MaximumDocuments%3D15%26FuzzyDegree%3D0%26ImageQuality%3Dr85g16/r85g16/x150y150g16/i500%26Display%3Dhpfr%26DefSeekPage%3Dx%26SearchBack%3DZyActionE%26Back%3DZyActionS%26BackDesc%3DResults%2520page%26MaximumPages%3D1%26ZyEntry%3D1%26SeekPage%3Dx
FIFTH AVENUE EYEWEAR | NPI:1023140860 | National Provider ...,https://www.hipaaspace.com/medical_billing/coding/national_provider_identifier/codes/npi_1023140860.txt
19100846.txt - VA.gov,https://www.va.gov/vetapp19/Files1/19100846.txt
Guide to Choosing the Perfect Cycling or Sports Eyewear,https://vdt-automation.online/~54t4npgu6aqiykybu1cwqfupcrvejbtsbrug6bdlxafgheydqpvugszxvcalxj.txt
The Original Hip-Hop (Rap) Lyrics Archive - OHHLA.com,http://www.ohhla.com/anonymous/raekwon/shaolin/butter_k.rkw.txt
"Full text of ""rock island arsenal"" - Internet Archive",https://archive.org/stream/mipc-ria_army_mil/ria.army.mil_GUDNA6QCSXBZK44UDR4RDWYB7QC7OMTB_djvu.txt
Cali life style - pantiumarina.ru,https://pantiumarina.ru/%25E5%25AD%25B8y2h6cpzn6uauivenil3aaqygurgcchni/vcnj7eceaqbhipawh/lhklei/qfawpskovagq40.txt
mathowielove.txt,https://www.somebits.com/~nelson/mathowielove.txt
Bac hung y - pantiumarina.ru,https://pantiumarina.ru/%25E5%25BB%25B37fr5pv7oytff4defwhnaluvqkmpg8snc/dmojdnpekzentqkdfqsmfjg7lcjvyqzpr3.txt
Kala eyewear - arsenievkp.ru,https://arsenievkp.ru/~s2lb0qq3aazuziaug3zvbcbixbcxoarkir2uhmkjwkkwewnihvzwgztukpyquhzrukci0lq.txt
Daycare hunters hill - ermygroup.ru,https://ermygroup.ru/~uf27hyn7jeainpex0uzyrfrcoffqnonlsx6xxgtylikdqsuqiqccumirtmcmngnbledd3ec2.txt
MichalakHide.txt - Oregon Coots,http://www.coots.org/Misc/Michalak/MichalakHide.txt
Red roof inn denver - vdt-automation.online,https://vdt-automation.online/~o4fc2jbl7orjoseybn7ayhnsjesujznnclvf8neoozlwfwhmaemjlhlxzbvaxznqwavhwxu9nhfc1.txt
Henry jullien eyewear - tinne.ru,https://tinne.ru/~62set9jwuhz4hfeiovlcbz0fcbbmaynigefuwezfaldlz1mnzjpxzlczdbvqkhockxmbhs5.txt
Soda blasting in the coachella valley - arsenievkp.ru,https://arsenievkp.ru/~53mn2hhssi4xppeghwwhs7nsvkbcbpnxlmsomrrwub1wecknggzhskhcmnef8.txt
"Shred of Doubt by Vickie Moseley & Jo-Ann Lassiter - The ""I"" in FBI",https://theiinfbi.xphilefic.com/ShredOfDoubt.txt
Justin billingsley arizona - suparound.ru,https://suparound.ru/~tu2p0pula3tyfeegupe2uuwoxzhyhlnnvzlguib0fvjljavfdkoeuvfbsjffyr32.txt
taxonomy-with-ids.en-US.txt - Google,https://www.google.com/basepages/producttype/taxonomy-with-ids.en-US.txt
Geek eyewear rad 09 - toskprimorye.online,https://toskprimorye.online/~xb3e0ywg3lodloekhu9qnankokrshknivbziu5ldwjwlghlfsuhgasmltjqacqyr79.txt
Henry jullien eyewear - dokdip.online,https://dokdip.online/~c62yn9shqrrt4zejmkzxwfikwdy0gqnlqvbwsddmvsmvofewkobbxgt1edzsvjwcalkliaw5.txt
Polymanga - realtor-systems.online,https://realtor-systems.online/~l3e1lukp9dvfavebg7sxdszegfijshntscf9wfsgljfdtcwytkrxqgzmoceofexljydk3iu2.txt
Eyewear chaudière-bassin - cneo-sert.online,https://cneo-sert.online/~c51hujk8bhguc1fouvyzvlggwgxp3groxwakdtnvadarelpgmjnalhucse7ysto.txt
Zipertl - jiiframework.online,https://jiiframework.online/~9sk5m8rvhgggx4edovrhxootflgy1snfnffphtkbmpzzmweshoovyaimz6dmmvdiu6.txt
John pitzaferro - 24-proficomp.ru,https://24-proficomp.ru/~q2g9wzu2ysoyxgefq6htqzlhoxkgstnbb8fqmsbafzgpomwhmyffwdlvgswe4.txt
Yavo md - cneo-sert.online,https://cneo-sert.online/~11byl4gnigu3orsrfosudee2ikqwwlnbsfjefjbmfujukqruiwekywcnnsnocaahaum.txt
Melatation - jiiframework.online,https://jiiframework.online/~b3p1sj3rrvkoq9egrqrxrdbcmusgv3nlqaqlhjvfpfxetczbuhuynspxyn5wzx7.txt
g9d9mh.txt - Catbox,https://files.catbox.moe/g9d9mh.txt
