"Full text of ""The Windhover"" - Internet Archive",https://archive.org/stream/the_windhover_1703.poem_librivox/windhover_1703_djvu.txt
0001140361-07-003758.txt - SEC.gov,https://www.sec.gov/Archives/edgar/data/778946/000114036107003758/0001140361-07-003758.txt
http://www.seattlescrabble.org/data/ThemeLists/wea...,http://www.seattlescrabble.org/data/ThemeLists/weather.txt
https://www.sec.gov/Archives/edgar/data/778946/000...,https://www.sec.gov/Archives/edgar/data/778946/000114036107001029/0001140361-07-001029.txt
KeyToPhonologicalAnnotationsA... - UCLA Linguistics,https://linguistics.ucla.edu/people/hayes/GMHopkins/KeyToPhonologicalAnnotationsAndDiacritics.txt
https://docs.fcc.gov/public/attachments/DOC-290175...,https://docs.fcc.gov/public/attachments/DOC-290175A1.txt
Poems of Gerard Manley Hopkins Now First Published,https://www.gutenberg.org/files/22403/22403-8.txt
"Full text of ""Red Hill"" - Internet Archive",https://archive.org/stream/VitalyBiankiRedHill/Vitaly-Bianki-Red-Hill_djvu.txt
dipl.thesis_1_.txt - IS MUNI,https://is.muni.cz/th/dndut/dipl.thesis_1_.txt
https://yb.tl/bayviewmack2022_2-boatids.txt,https://yb.tl/bayviewmack2022_2-boatids.txt
https://ufdcimages.uflib.ufl.edu/UF/00/02/83/10/01...,https://ufdcimages.uflib.ufl.edu/UF/00/02/83/10/01402/00030.txt
AmblesideOnline's Poetry Anthology,https://www.amblesideonline.org/text/208_Classic_Poems.txt
MALEK HANANO M.D. | NPI:1023067212 | National Provider ...,https://www.hipaaspace.com/medical_billing/coding/national_provider_identifier/codes/npi_1023067212.txt
modsfaq.txt,http://websites.umich.edu/~archive/atari/8bit/Faqs/modsfaq.txt
onehand.rev.txt - SynTax,http://www.syntax2000.co.uk/issues/38/onehand.rev.txt
waters.txt,http://texcelt.org/waters.txt
Code of the scansion program - UCLA Linguistics,https://linguistics.ucla.edu/people/hayes/GMHopkins/CodeOfScansionProgram.txt
https://yb.tl/bayviewmack2023_1-boatids.txt,https://yb.tl/bayviewmack2023_1-boatids.txt
newnationalcyclo05unse_djvu.txt - Loc - Library of Congress,https://tile.loc.gov/storage-services/public/gdcmassbookdig/newnationalcyclo05unse/newnationalcyclo05unse_djvu.txt
Environmental-and-Social-Management-Plan-Manisa-Alasehir ...,https://documents1.worldbank.org/curated/en/120151564548117590/text/Environmental-and-Social-Management-Plan-Manisa-Alasehir-Irrigation-Rehabilitation-Project.txt
