Bespoke.Common.Osc.csproj.FileListAbsolute.txt - GitHub,https://github.com/MugenSAS/osc-.net/blob/master/Source%2520Code/Framework/Bespoke.Common.Osc/obj/x86/Release/Bespoke.Common.Osc.csproj.FileListAbsolute.txt
https://snr-2019-presskits-production.s3.amazonaws...,https://snr-2019-presskits-production.s3.amazonaws.com/samsungs_new_bespoke_appliances_inspire_colorful_customizable_living_spaces/article.txt
0000899243-22-038987.txt - SEC.gov,https://www.sec.gov/Archives/edgar/data/1867734/0000899243-22-038987.txt
bespoke/requirements.txt at master · austinserif/bespoke · GitHub,https://github.com/austinserif/bespoke/blob/master/requirements.txt
https://snr-2019-presskits-production.s3.amazonaws...,https://snr-2019-presskits-production.s3.amazonaws.com/samsung_electronics_announces_first_bespoke_french_door_expanding_bespoke_refrigerator_lineup/article.txt
"BESPOKE PSYCHIATRY CLT, PLLC | NPI:1730964750 | National ...",https://www.hipaaspace.com/medical_billing/coding/national_provider_identifier/codes/npi_1730964750.txt
https://assets.fireside.fm/file/fireside-images/po...,https://assets.fireside.fm/file/fireside-images/podcasts/transcripts/3/3df16471-e4f7-40fe-becf-989f255703b4/episodes/e/eccbd422-749e-49d1-87c5-3407050ce4c2/transcript.txt
BESPOKE COUNSELING SERVICES | NPI:1174193353 | National ...,https://www.hipaaspace.com/medical_billing/coding/national_provider_identifier/codes/npi_1174193353.txt
0001665160-23-001705.txt - SEC.gov,https://www.sec.gov/Archives/edgar/data/1883911/000166516023001705/0001665160-23-001705.txt
https://developer.skatelescope.org/en/st-1289-dark...,https://developer.skatelescope.org/en/st-1289-dark-theme/_sources/policies/fundamental-sw-requirements.rst.txt
