summary.txt - Ministry of Foreign Affairs of Japan,https://www.mofa.go.jp/policy/other/bluebook/2007/summary.txt
13.1cohn.txt,http://pmc.iath.virginia.edu/text-only/issue.902/13.1cohn.txt
the-scandal-detectiv.. - Project Gutenberg Australia,https://gutenberg.net.au/fsf/THE-SCANDAL-DETECTIVES.txt
https://www.cise.ufl.edu/~helal/pre-icadi/ICADI.txt,https://www.cise.ufl.edu/~helal/pre-icadi/ICADI.txt
https://www.cs.cmu.edu/~ark/blog-data/data/blog_da...,https://www.cs.cmu.edu/~ark/blog-data/data/blog_data_v1_1_1/rs/bodies_cln/polit_post.0814118_3_body_cln.txt
https://www.persee.fr/docAsRefworks/mar_0758-4431_...,https://www.persee.fr/docAsRefworks/mar_0758-4431_1988_num_16_1_1356.txt
https://cdn.preterhuman.net/texts/religion.occult....,https://cdn.preterhuman.net/texts/religion.occult.new_age/Islam/Shi'%2520Islam/Pro%2520%26%2520Anti%2520Shia/Anti-Shia/Falsehoods%2520Against%2520Shia/False%2520Testaments.txt
S8400474_en.pdf.txt - repositorio .cepal .org,https://repositorio.cepal.org/bitstream/handle/11362/24559/S8400474_en.pdf.txt
171023plc1900.txt - Library of Congress,http://stream-media.loc.gov/webcasts/captions/2017/171023plc1900.txt
P169976002e89a07209ae40d4... - World Bank Documents,https://documents1.worldbank.org/curated/en/099725001112228984/text/P169976002e89a07209ae40d48d6ebb7154.txt
Text - New OJP Resources,https://www.ncjrs.gov/txtfiles1/nij/179630.txt
canadasmission00unknuoft.txt,https://open.bu.edu/bitstream/handle/2144/1038/canadasmission00unknuoft.txt%3Fsequence%3D3
1998 12 000061 - Klarinet,http://test.woodwind.org/Databases/Klarinet/1998/12/000061.txt
CompStats/the_fault_in_our_stars.txt at master - GitHub,https://github.com/AllenDowney/CompStats/blob/master/the_fault_in_our_stars.txt
English Text (88.33 KB) - World Bank Open Knowledge Repository,http://documentos.bancomundial.org/curated/es/940041468161945314/text/WPS5365.txt
https://ufdcimages.uflib.ufl.edu/AA/00/02/48/42/00...,https://ufdcimages.uflib.ufl.edu/AA/00/02/48/42/00001/energyacc00libr_0139.txt
Resettlement-Framework-Emergency-Agriculture-and-Food-Supply ...,https://documents1.worldbank.org/curated/en/170571607564646724/text/Resettlement-Framework-Emergency-Agriculture-and-Food-Supply-Project-P174348.txt
318_SiSiNoNo 2007_mar.txt,https://isidore.co/misc/Res%2520pro%2520Deo/Pope%2520St.%2520Pius%2520X%2520%26%25E2%2581%2584or%2520SSPX/The%2520Angelus/PDFs/318_SiSiNoNo%25202007_mar.txt
English Text (244.61 KB) - World Bank Open Knowledge Repository,http://documents.banquemondiale.org/curated/fr/432391468089383429/text/895140WP0P1226380Box385284B00PUBLIC00ACS.txt
Plain Text - North Carolina Newspapers,https://newspapers.digitalnc.org/lccn/sn83045120/1983-10-29/ed-1/seq-14/ocr.txt
