"Full text of ""With fire and sword : an historical novel of Poland and ...",https://archive.org/stream/withfireswordhis00sienuoft/withfireswordhis00sienuoft_djvu.txt
https://www.seattlescrabble.org/data/ThemeLists/en...,https://www.seattlescrabble.org/data/ThemeLists/ends%2520in%2520mans.txt
Die Hards in Siberia by John Ward - Project Gutenberg,https://www.gutenberg.org/files/10972/10972-8.txt
"Full text of ""And Quiet Flows The Don Book Two"" - Internet Archive",https://archive.org/stream/in.ernet.dli.2015.182791/2015.182791.And-Quiet-Flows-The-Don-Book-Two_djvu.txt
"Read full poem text Shevchenko's poem in English ""Haidamaki""",https://taras-shevchenko.storinka.org/uploaded/files/txt/John%2520Weir/Haidamaky_poem_Taras_Shevchenko.txt
https://www.gutenberg.org/files/36238/36238.txt,https://www.gutenberg.org/files/36238/36238.txt
word-list-7-letters.txt - GitHub,https://github.com/powerlanguage/word-lists/blob/master/word-list-7-letters.txt
https://repositorio.ual.pt/bitstream/11144/4254/5/...,https://repositorio.ual.pt/bitstream/11144/4254/5/EP15-Ayse_GungorEN_final15.3.pdf.txt
