https://boards.law.af.mil/AF/BCMR/CY2014/BC2014020...,https://boards.law.af.mil/AF/BCMR/CY2014/BC201402051.txt
https://www2.texasattorneygeneral.gov/opinions/opi...,https://www2.texasattorneygeneral.gov/opinions/opinions/48morales/lo/1992/htm/lo1992066.txt
9737838.txt - VA.gov,https://www.va.gov/vetapp97/files4/9737838.txt
https://www.vacourts.gov/opinions/opncavtx/0221953.txt,https://www.vacourts.gov/opinions/opncavtx/0221953.txt
k94749a1exv10w6.txt - SEC.gov,https://www.sec.gov/Archives/edgar/data/47129/000095012405005214/k94749a1exv10w6.txt
interim change to the manual of the judge advocate general,https://www.mynavyhr.navy.mil/Portals/55/Messages/ALNAV/ALN2019/ALN19072.txt
https://boards.law.af.mil/ARMY/DRB/CY2016/AR201600...,https://boards.law.af.mil/ARMY/DRB/CY2016/AR20160006313.txt
0001010549-00-000472-0002.txt - SEC.gov,https://www.sec.gov/Archives/edgar/data/24077/000101054900000472/0001010549-00-000472-0002.txt
Petition for Guardian - Person Only.txt - St. Clair County,https://www.co.st-clair.il.us/webdocuments/departments/circuitclerk/Probate/Petition%2520for%2520Guardian%2520-%2520Person%2520Only.txt
Readme,https://publicrec.hillsclerk.com/Criminal/name_index/hccc1020/readme.txt
"Full text of ""Reports of cases adjudged in the Court of chancery of ...",https://archive.org/stream/v6reportsofcasesad1877/v6reportsofcasesad1877_djvu.txt
470576.txt - Kerr County,http://www.co.kerr.tx.us/commcrt/minutes/1921%2520-%25201930/1928/470576.txt
http://files.usgwarchives.net/ga/schley/court/just...,http://files.usgwarchives.net/ga/schley/court/justice.txt
https://archives.lib.state.ma.us/bitstream/handle/...,https://archives.lib.state.ma.us/bitstream/handle/2452/118201/1748acts0017.txt%3Fsequence%3D1%26isAllowed%3Dy
HEINONLINE_Global_EnglishRe...,https://heinonline.org/HeinDocs/kbart/HEINONLINE_Global_EnglishReports_2023-10-01.txt
https://access.trade.gov/resources/remands/98-41sl.txt,https://access.trade.gov/resources/remands/98-41sl.txt
tld-app-registry-operator-disclosure-15aug00.txt,http://archive.icann.org/en/tlds/tld-app-registry-operator-disclosure-15aug00.txt
EX-10.A - Cleveland-Cliffs,https://www.clevelandcliffs.com/investors/sec-filings/all-sec-filings/content/0000950152-01-503407/l85596aex10-a.txt
20150006496.txt - Upgrade.Vet,http://upgrade.vet/raw_data/ARMY/BCMR/CY2015/20150006496.txt
https://www.justice.gov/archive/enron/exhibit/05-2...,https://www.justice.gov/archive/enron/exhibit/05-22-p2/BBC-0001/OCR/LBF001-00867.TXT
DA-23-1109A1.txt - Federal Communications Commission,https://docs.fcc.gov/public/attachments/DA-23-1109A1.txt
6876.txt - MySoC - National University of Singapore,https://mysoc.nus.edu.sg/~cmsem/seminar_files/6876.txt
dist.txt - FamilySearch,https://www.familysearch.org/service/records/storage/das-mem/patron/v2/TH-904-77223-1675-20/dist.txt%3Fctx%3DArtCtxPublic
wptemp.txt - Colorado,https://www.leg.state.co.us/2000/inetcbill.nsf/a9b5aa3a41373aed872566a500594901/964f5a29115042be87256849004d4d2d/%24FILE/wptemp.txt
Text - Bureau of Justice Statistics,https://bjs.ojp.gov/content/pub/ascii/ssprfs01.txt
MW_v32n40_1964-03-14.txt,https://dlynx.rhodes.edu/jspui/bitstream/10267/32863/1/MW_v32n40_1964-03-14.txt
RP3540RI1P090693.txt - World Bank Documents,https://documents1.worldbank.org/curated/fr/637721468300855631/text/RP3540RI1P090693.txt
multi-page.txt - World Bank Documents,https://documents1.worldbank.org/curated/en/824331506445458277/text/multi-page.txt
the_child_on_the_judgement_seat.txt - tinyapps.org,https://tinyapps.org/docs/poems/the_child_on_the_judgement_seat.txt
1600.txt - IME-USP,https://www.ime.usp.br/~yoshi/mac338/exx/STs/entras/1600.txt
