Tell Me When to Go - The Original Hip-Hop (Rap) Lyrics Archive,https://ohhla.com/anonymous/e40/myghetto/tllmewhn.e40.txt
The Original Hip-Hop (Rap) Lyrics Archive - OHHLA.com,https://ohhla.com/anonymous/royce/bookryan/dumb.r59.txt
RFC 890 - IETF,https://www.ietf.org/rfc/rfc0890.txt
dumb-init/requirements-dev.txt at master - GitHub,https://github.com/Yelp/dumb-init/blob/master/requirements-dev.txt
Transcript - Government Accountability Office,https://www.gao.gov/assets/820/817177.txt
dumb-vga-dac.txt,https://www.kernel.org/doc/Documentation/devicetree/bindings/display/bridge/dumb-vga-dac.txt
Dumb and Funny Questions and Statements Made by Tourists,https://silgro.com/humor/DumbTourists.txt
russell1.txt - SEC.gov,https://www.sec.gov/files/rules/sro/ny9947/russell1.txt
You have been lied to. - Rutgers CS,https://people.cs.rutgers.edu/~watrous/txt/mydek-response.txt
text - www-users.cs.umn.edu,https://www-users.cse.umn.edu/~odlyzko/doc/stupid.networks.txt
