OnDoc/ondocdb.sql at master · DeepakShende/OnDoc · GitHub,https://github.com/DeepakShende/OnDoc/blob/master/ondocdb.sql
medicalmanage-new-/pharmacy.sql at master · laxmi2230 ... - GitHub,https://github.com/laxmi2230/medicalmanage-new-/blob/master/pharmacy.sql
https://raw.githubusercontent.com/Thinkful-Ed/star...,https://raw.githubusercontent.com/Thinkful-Ed/starter-postgresql/main/products.sql
