An Examination Of The Word-Faith Movement,http://www.deceptioninthechurch.com/WRDFAITH.TXT
60852-0.txt - Project Gutenberg,https://www.gutenberg.org/files/60852/60852-0.txt
aardvark aardvarks abaci aback abacus - University of Notre Dame,https://www3.nd.edu/~mcdonald/Data/ND_Master_Dictionary_v2.txt
https://sermons.stcolumbas.freechurch.org/transcri...,https://sermons.stcolumbas.freechurch.org/transcriptions/1301.txt
https://christian.net/pub/resources/text/aspects/a...,https://christian.net/pub/resources/text/aspects/asp-037.txt
