https://urgi.versailles.inra.fr/download/dbWFA/Sys...,https://urgi.versailles.inra.fr/download/dbWFA/System_RXN_Plantcyc.sql
CDCC/inventarioSustancias: Proyecto en colaboración con OPASO,https://git.ccom.uprrp.edu/CDCC/inventarioSustancias/src/branch/master/backups/opaso_db.sql
hps_bionames/db_dumps/embryology_db.sql at master - GitHub,https://github.com/mbl-cli/hps_bionames/blob/master/db_dumps/embryology_db.sql
