20190004510.txt,https://boards.law.af.mil/ARMY/BCMR/CY2019/20190004510.txt
0909153.txt - VA.gov,https://www.va.gov/vetapp09/files1/0909153.txt
09252007_unreliabledata.txt - Department of Justice,https://www.justice.gov/archive/civil/cases/cobell/docs/txt/09252007_unreliabledata.txt
OCR,https://www.justice.gov/archive/civil/cases/cobell/docs/txt/11182002_reply.txt
https://www.aclu.org/files/projects/foiasearch/ocr...,https://www.aclu.org/files/projects/foiasearch/ocr/DODDON000166.txt
Text - Bureau of Justice Statistics,https://bjs.ojp.gov/content/pub/ascii/svraca0708.txt
FCC-18-9A1.txt,https://docs.fcc.gov/public/attachments/FCC-18-9A1.txt
Rules for taking the DWE,http://www.cs.unc.edu/~azuma/dwe_rules.txt
Transcript - Government Accountability Office,https://www.gao.gov/assets/730/720525.txt
brwm_remediation_sites_dataex... - Maine.gov,https://www.maine.gov/dep/gis/datamaps/brwm_remediation_sites/brwm_remediation_sites_dataexport.txt
https://www.vacourts.gov/opinions/opncavtx/2951994.txt,https://www.vacourts.gov/opinions/opncavtx/2951994.txt
response.txt - Missouri Department of Social Services,https://dss.mo.gov/cd/pdf/response.txt
https://d23zj9a2v9ry1w.cloudfront.net/2023/08/26/c...,https://d23zj9a2v9ry1w.cloudfront.net/2023/08/26/c3a87772-1e5a-42cc-bc87-c6197ba915ba/2_1693020179202/c3a87772-1e5a-42cc-bc87-c6197ba915ba_64e96f5a5113af7170855470.txt
https://sunyorange.edu/ctl/docs/TeachingStudentsTo...,https://sunyorange.edu/ctl/docs/TeachingStudentsToBeActiveListeners.txt
Text,https://www.gsbca.gsa.gov/relo/r140160.txt
494760AR0ENGLI10Box341960...,https://documents1.worldbank.org/curated/en/305111468339613097/text/494760AR0ENGLI10Box341960B01PUBLIC1.txt
https://comum.rcaap.pt/bitstream/10400.26/29399/3/...,https://comum.rcaap.pt/bitstream/10400.26/29399/3/Abstract_AFernandes_2019_07_comun_oral_01.pdf.txt
Stepfather Factory - The Original Hip-Hop (Rap) Lyrics Archive,https://ohhla.com/anonymous/el_p/rm_bside/stepfath.elp.txt
https://www.oshrc.gov/assets/1/6/Docket_No._85-138...,https://www.oshrc.gov/assets/1/6/Docket_No._85-1388.txt
20190003309.txt,https://boards.law.af.mil/ARMY/BCMR/CY2019/20190003309.txt
20190004510.txt,https://boards.law.af.mil/ARMY/BCMR/CY2019/20190004510.txt
09252007_unreliabledata.txt - Department of Justice,https://www.justice.gov/archive/civil/cases/cobell/docs/txt/09252007_unreliabledata.txt
0720799.txt - VA.gov,https://www.va.gov/vetapp07/files3/0720799.txt
0909153.txt - VA.gov,https://www.va.gov/vetapp09/files1/0909153.txt
https://www.aclu.org/files/projects/foiasearch/ocr...,https://www.aclu.org/files/projects/foiasearch/ocr/DODDON000166.txt
https://www.aclu.org/files/projects/foiasearch/ocr...,https://www.aclu.org/files/projects/foiasearch/ocr/DODDON000176.txt
Session 6 Transcript (txt),https://www.ndacan.acf.hhs.gov/events/2023-summer-webinars/transcript-video6-2023-summerseries.txt
FCC-18-9A1.txt,https://docs.fcc.gov/public/attachments/FCC-18-9A1.txt
