okta-react-fastify-postgresql-example/nasa-facilities_20200910.sql ...,https://github.com/oktadev/okta-react-fastify-postgresql-example/blob/main/nasa-facilities_20200910.sql
dotnet-album-viewer/AlbumViewerSqlServerData.sql at master,https://github.com/dockersamples/dotnet-album-viewer/blob/master/AlbumViewerSqlServerData.sql
cnrl.free.fr/pluriel.sql,http://cnrl.free.fr/pluriel.sql
AlbumViewerVNext/AlbumViewerSqlServerData.sql at master - GitHub,https://github.com/RickStrahl/AlbumViewerVNext/blob/master/AlbumViewerSqlServerData.sql
data/song.sql at master · bhushankhajone/data - GitHub,https://github.com/bhushankhajone/data/blob/master/song.sql
http://cnrl.free.fr/pluriel.sql,http://cnrl.free.fr/pluriel.sql
