LOP_2007.txt - Ptagis,https://www.ptagis.org/Content/ArchivedEventLogs/LOP_2007.txt
Download a printable transcript - USPTO,https://www.uspto.gov/sites/default/files/video_transcripts/LOP-transcript.txt
robots.txt,https://lop.parl.ca/robots.txt
RFC 3592,https://www.rfc-editor.org/rfc/rfc3592.txt
"Technical ""whitepaper"" for afl-fuzz - [lcamtuf.coredump.cx]",https://lcamtuf.coredump.cx/afl/technical_details.txt
0000898430-01-501665.txt - SEC.gov,https://www.sec.gov/Archives/edgar/data/889409/000089843001501665/0000898430-01-501665.txt
0000950136-01-500750.txt - SEC.gov,https://www.sec.gov/Archives/edgar/data/750556/000095013601500750/0000950136-01-500750.txt
NPI:1891058004 - Medical Coding Library - HIPAASpace,https://www.hipaaspace.com/medical_billing/coding/national_provider_identifier/codes/npi_1891058004.txt
readme - UNC Computer Science,https://www.cs.unc.edu/~isenburg/lastools/download/lascanopy_README.txt
robots.txt,https://appsdoc.wi.gov/robots.txt
