https://keyboard-design.com/typing-lessons//beakl-...,https://keyboard-design.com/typing-lessons//beakl-clp-0.en.matrix_week2_day4.txt
Buy Big Tyres - Member of TribaTyre Group,http://www.tribatyre.com/robots.txt
epitaphsquaintcu00loar_djvu.txt - Loc,https://tile.loc.gov/storage-services/public/gdcmassbookdig/epitaphsquaintcu00loar/epitaphsquaintcu00loar_djvu.txt
Twelfth Division - USGenWeb Archives,http://files.usgwarchives.net/pa/bedford/military/1812/12th-div.txt
apt_gamaredon.txt - GitHub,https://raw.githubusercontent.com/stamparm/maltrail/master/trails/static/malware/apt_gamaredon.txt
