dictionary.txt - Department of Computer Science,http://www.cs.ucf.edu/~dmarino/ucf/dictionary.txt
https://ufdcimages.uflib.ufl.edu/UF/00/02/83/07/01...,https://ufdcimages.uflib.ufl.edu/UF/00/02/83/07/01428/00793.txt
ls /home 2017 2022 anglin gannCheryl lobuglio rebecca.conrad,https://faculty.ncssm.edu/~morrison/JTerm2021/12Jan21/0112AM.txt
newspeak/wordsByFrequency.txt at master - GitHub,https://github.com/newspeaklanguage/newspeak/blob/master/wordsByFrequency.txt
