dcos-for-java-devs/database/init.sql at master - GitHub,https://github.com/unterstein/dcos-for-java-devs/blob/master/database/init.sql
dcos-for-java-devs/database/init.sql at master - GitHub,https://github.com/unterstein/dcos-for-java-devs/blob/master/database/init.sql
Cat.sql lyrics,https://www.lyrics.cat/lyrics%2Bcat.sql
