https://info.edc.uri.edu/rirpp/gisdata/unhydro.txt,https://info.edc.uri.edu/rirpp/gisdata/unhydro.txt
"Full text of ""The undeveloped west or, Five years in the territories ...",https://archive.org/stream/undevelopedwests00beadrich/undevelopedwests00beadrich_djvu.txt
https://ir.tellurianinc.com/financials-filings-and...,https://ir.tellurianinc.com/financials-filings-and-presentations/all-sec-filings/content/0000000000-19-011954/filename2.txt
https://www.sec.gov/Archives/edgar/data/66418/0000...,https://www.sec.gov/Archives/edgar/data/66418/0000066418-99-000005.txt
Irving N. Boren - SEC.gov,https://www.sec.gov/files/litigation/litreleases/lr14928.txt
meeting-45.txt - Save the Pine Bush,https://savethepinebush.org/agenda/Guilderland/meeting-45.txt
https://ufdcimages.uflib.ufl.edu/UF/00/01/66/53/00...,https://ufdcimages.uflib.ufl.edu/UF/00/01/66/53/00001/00068.txt
Text - St. Clair County,https://www.co.st-clair.il.us/webdocuments/departments/assessor/additionaldocs/conservation_forestry.txt
20230816-CBRS-Prohibitions-Metadata.txt,https://www.fws.gov/sites/default/files/documents/20230816-CBRS-Prohibitions-Metadata.txt
https://www.va.gov/vetapp11/files4/1137816.txt,https://www.va.gov/vetapp11/files4/1137816.txt
