https://ufdcimages.uflib.ufl.edu/AA/00/06/60/05/00...,https://ufdcimages.uflib.ufl.edu/AA/00/06/60/05/00001/00117.txt
https://ufdcimages.uflib.ufl.edu/AA/00/01/50/23/00...,https://ufdcimages.uflib.ufl.edu/AA/00/01/50/23/00344/00018.txt
multi-page.txt - World Bank Documents and Reports,https://documents1.worldbank.org/curated/en/662321468033342851/text/multi-page.txt
TO316000Haiti000Second0High... - World Bank Documents,https://documents1.worldbank.org/curated/en/417471468034481223/text/TO316000Haiti000Second0Highway0Project.txt
http://www.ifs.tuwien.ac.at/~andi/somlib/data/wfb9...,http://www.ifs.tuwien.ac.at/~andi/somlib/data/wfb90/files/haiti.txt
https://repositorio.cepal.org/bitstream/handle/113...,https://repositorio.cepal.org/bitstream/handle/11362/46248/S2000533_en.pdf.txt
LCcarG572_en.pdf.txt - repositorio .cepal .org,https://repositorio.cepal.org/bitstream/handle/11362/3243/LCcarG572_en.pdf.txt
https://tile.loc.gov/storage-services/public/gdcma...,https://tile.loc.gov/storage-services/public/gdcmassbookdig/haitiitsdawnofpr00kuse/haitiitsdawnofpr00kuse_djvu.txt
https://cdn.preterhuman.net/texts/politics/CIA/hai...,https://cdn.preterhuman.net/texts/politics/CIA/haiti.txt
https://downloads.usda.library.cornell.edu/usda-es...,https://downloads.usda.library.cornell.edu/usda-esmis/files/3197xm127/kh04fz32g/3t946z06q/CA_FV001.TXT
http://documentos.bancomundial.org/curated/es/7898...,http://documentos.bancomundial.org/curated/es/789861468251123316/text/WPS5503.txt
DOLISCA_FRITO_25.pdf.txt - Auburn University,https://etd.auburn.edu/bitstream/handle/10415/731/DOLISCA_FRITO_25.pdf.txt%3Fsequence%3D2%26isAllowed%3Dy
Oakwood Sacred Heart Catholic Church Cemetery,http://files.usgwarchives.net/nd/walsh/cemetery/oakwood.txt
dictionary - Stanford Network Analysis Project,http://snap.stanford.edu/na09/wordsEn.txt
units.txt - Project Haystack,https://project-haystack.org/download/units.txt
fx_rates.txt,https://www.cnb.cz/en/financial_markets/foreign_exchange_market/other_currencies_fx_rates/fx_rates.txt
AMBC_TESIS.pdf.txt,https://diposit.ub.edu/dspace/bitstream/2445/121848/6/AMBC_TESIS.pdf.txt
valid - Bike-share research,https://bikeshare-research.org/bsr/data/currencies_browse.txt
cappm_192_currencies.txt - TechDocs,https://techdocs.broadcom.com/content/dam/broadcom/techdocs/us/en/assets/docops/ccpop/cappm_192_currencies.txt
Download - Exchangerate.host,https://exchangerate.host/site_downloads/cl-currencies-select-option.txt
