ch19-project2-start/art-small.sql at master - GitHub,https://github.com/funwebdev-2nd-ed/ch19-project2-start/blob/master/art-small.sql
Untitled,https://theluxurycloset.com/collection/database.sql%3Fpage%3D9
sample data - GitHub,https://raw.githubusercontent.com/Azure-Samples/mysql-database-samples/main/mysqltutorial.org/mysql-classicmodesl.sql
Browse thousands of Fh 1688cf Com Q 615452 Q Tg Sk 20231128 ...,https://dribbble.com/search/FH%25E8%2587%25B3%25E5%25B0%258A%25E5%25B9%25B3%25E5%258F%25B0%25E5%25AE%2598%25E7%25BD%2591%25E4%25B8%2593%25E7%25BA%25BF%25E5%25AE%25A2%25E6%259C%258D%25EF%25BC%2588%25E6%25B3%25A8%25E5%2586%258C%25E5%25A4%258D%25E5%2588%25B6%25E7%25BD%2591%25E5%259D%2580%253A1688cf.com%25EF%25BC%2589%25E4%25B8%25BB%25E7%25AE%25A1Q%253A615452/%25E5%258D%2581%25E5%25B9%25B4%25E4%25BF%25A1%25E8%25AA%2589%252C%25E9%259B%2584%25E5%258E%259A%25E5%25AE%259E%25E5%258A%259B%252C%25E8%25B5%2584%25E9%2587%2591%25E4%25BF%259D%25E9%259A%259C%25E9%25A1%25B6%25E7%25BA%25A7%25E5%25BE%2585%25E9%2581%2587%25E8%2581%2594%25E7%25B3%25BB%25E5%25BC%2580%25E6%2588%25B7/%25E5%25A5%2587%25E8%25B6%25A3%25E8%2585%25BE%25E8%25AE%25AF%25E5%2588%2586%25E5%2588%2586%25E5%25BD%25A9/%25E5%25B9%25B8%25E8%25BF%2590%25E5%25BD%25A9/%25E6%25B2%25B3%25E5%2586%2585%25E5%25BD%25A9/%25E6%25A3%258B%25E7%2589%258C/%25E4%25BD%2593%25E8%2582%25B2/%25E5%25A4%259A%25E6%25AC%25BE%25E7%2583%25AD%25E9%2597%25A8%25E5%25BD%25A9%25E7%25A7%258D/%25E4%25B8%2593%25E7%25BA%25BFQ/%25E5%25BE%25AE%25E4%25BF%25A1/TG/SK%25E5%25A4%259A%25E7%25A7%258D%25E5%25AE%25A2%25E6%259C%258D%25E6%25B8%25A0%25E9%2581%2593%25E6%259C%258D%25E5%258A%25A120231128.sql
Text Publishing — Blog,https://www.textpublishing.com.au/blog/page/128.sql
https://raw.githubusercontent.com/harsha547/Classi...,https://raw.githubusercontent.com/harsha547/ClassicModels-Database-Queries/master/database.sql
breweries.sql - GitHub,https://github.com/dcos/demos/blob/master/beer-demo/1.10/database/sql/breweries.sql
Text Publishing — Blog,https://www.textpublishing.com.au/blog/page/77.sql
Browse thousands of Qq 284377164 Sql images for design ...,https://dribbble.com/search/%3D%25E6%25B8%25A9%25E5%25B7%259E%25E5%258F%258C%25E9%25A3%259E%25E5%25A4%2596%25E5%259B%25B4%25E4%25B8%258A%25E9%2597%25A8%25E6%259C%258D%25E5%258A%25A1%25EF%25BC%2588qq%25E5%25BE%25AE%25E4%25BF%25A1284377164%25EF%25BC%2589.sql
酒泉哪里有小姐包夜全套服务(约炮网址pa151.com)(长按复制搜索 ...,https://showstudio.com/search/%25E9%2585%2592%25E6%25B3%2589%25E5%2593%25AA%25E9%2587%258C%25E6%259C%2589%25E5%25B0%258F%25E5%25A7%2590%25E5%258C%2585%25E5%25A4%259C%25E5%2585%25A8%25E5%25A5%2597%25E6%259C%258D%25E5%258A%25A1%2528%25E7%25BA%25A6%25E7%2582%25AE%25E7%25BD%2591%25E5%259D%2580pa151.com%2529%2528%25E9%2595%25BF%25E6%258C%2589%25E5%25A4%258D%25E5%2588%25B6%25E6%2590%259C%25E7%25B4%25A2%2529%25E9%2599%2584%25E8%25BF%2591%25E6%2589%25BE%25E5%25B0%258F%25E5%25A7%2590%25E4%25B8%258A%25E9%2597%25A8%25E6%259C%258D%25E5%258A%25A1-%25E6%25A1%2591%25E6%258B%25BF%25E4%25BC%259A%25E6%2589%2580%25E5%25B0%258F%25E5%25A7%2590%25E5%25A6%25B9%25E5%25AD%2590%25E5%2585%25A8%25E5%25A5%2597%25E6%259C%258D%25E5%258A%25A1.sql
https://people.vts.su.ac.rs/~simon/bp2/biblio.sql,https://people.vts.su.ac.rs/~simon/bp2/biblio.sql
assist - data - database_base_bk.sql - GitLab - Virginia Tech,https://code.vt.edu/gcourt3/assist/-/blob/3669d8774cd3a4088b994ad50d00328d8abd47bd/data/database_base_bk.sql
BizavNews - Новости Деловой Авиации - Business Aviation News,https://bizavnews.com/bobo.sql%3FPAGEN_1%3D11
repos.sql,http://files.max99x.com/repos.sql
Assign4_supp/art.sql · master · Classes / CS 3500 / a4 · GitLab,https://git.brandon-rodriguez.com/classes/cs_3500/a4/-/blob/master/Assign4_supp/art.sql
Nigerian Newspapers Online - Latest Nigeria News Headlines,https://www.latestnigeriannews.com/test/latestnigeriannews.sql
http://kjcoder.tistory.com/attachment/cfile22.uf@9...,http://kjcoder.tistory.com/attachment/cfile22.uf%4099239833598886D5309152.sql
PHProjekt - Flash Operator Panel,http://61.67.72.101/2016.sql
