jet-test-data/init/postgres/dvds.sql at master - GitHub,https://github.com/go-jet/jet-test-data/blob/master/init/postgres/dvds.sql
region_type_plugin_com_apexc...,https://github.com/APEXGru/JET-StatusMeterGauge/blob/master/region_type_plugin_com_apexconsulting_apex_jet_gauge.sql
org.jet.sql - Maven Repository,https://mvnrepository.com/artifact/org.jet.sql
apex-sample-search - Oracle,https://www.oracle.com/technetwork/developer-tools/apex/application-express/apex-sample-search-1668189.sql
BizavNews - Новости Деловой Авиации - Business Aviation News,https://bizavnews.com/bobo.sql%3FPAGEN_1%3D8
BizavNews - Новости Деловой Авиации - Business Aviation News,https://bizavnews.com/bobo.sql%3FPAGEN_1%3D10
https://raw.githubusercontent.com/oracle/apex/21.1...,https://raw.githubusercontent.com/oracle/apex/21.1/sample-apps/sample-charts/sample-charts.sql
https://content.spiceworksstatic.com/service.commu...,https://content.spiceworksstatic.com/service.community/p/how_to_step_attachments/0000005547/4dbc47df/attached_file/CreateSpiceworksViews.sql
https://www.fer.unizg.hr/_download/repository/movi...,https://www.fer.unizg.hr/_download/repository/movie%5B4%5D.sql
