mjcraney-lab5.sql - malcolmjc/Databases - GitHub,https://github.com/malcolmjc/Databases/blob/master/lab5/mjcraney-lab5.sql
mimic-code/mimic-iii/concepts/demographics/icustay_detail.sql at ...,https://github.com/MIT-LCP/mimic-code/blob/main/mimic-iii/concepts/demographics/icustay_detail.sql
https://raw.githubusercontent.com/MIT-LCP/mimic-co...,https://raw.githubusercontent.com/MIT-LCP/mimic-code/faa276ae7149f81c897103256e23c8282f6d3b99/concepts/demographics/HeightWeightQuery.sql
Earthdata Login - NASA,https://git.earthdata.nasa.gov/projects/GEE/repos/gdal-enhancements-for-esdis/browse/gdal-1.10.0/ogr/ogrsf_frmts/ingres/testdata.sql%3Fat%3Dbf753d9be4debffd464f41dd885ea9d1a4997380
Search Results telegram福利软件 |@huohu188 |电报机器人制作TG ...,https://www.sungazette.com/search/telegram%25E7%25A6%258F%25E5%2588%25A9%25E8%25BD%25AF%25E4%25BB%25B6%2520%257C%2540huohu188%2520%257C%25E7%2594%25B5%25E6%258A%25A5%25E6%259C%25BA%25E5%2599%25A8%25E4%25BA%25BA%25E5%2588%25B6%25E4%25BD%259CTG%255B%2520%2540huohukf%2520%255Dtelegram%2520%25E6%259E%2581%25E9%2580%259F%25E8%25B5%259B%25E8%25BD%25A6%25E6%259C%25BA%25E5%2599%25A8%25E4%25BA%25BA%2520.sql
lol狼人出装版登录-【copy url:hk588.xyz】-欧宝备用版网站 - Facebook,https://m.facebook.com/public/lol%25E7%258B%25BC%25E4%25BA%25BA%25E5%2587%25BA%25E8%25A3%2585%25E7%2589%2588%25E7%2599%25BB%25E5%25BD%2595-%25E3%2580%2590copy%2520url:hk588.xyz%25E3%2580%2591-%25E6%25AC%25A7%25E5%25AE%259D%25E5%25A4%2587%25E7%2594%25A8%25E7%2589%2588%25E7%25BD%2591%25E7%25AB%2599-%25E3%2580%2590copy%2520url:hk588.xyz%25E3%2580%2591.sql
Number 3 chiller - Text Publishing — Blog,https://www.textpublishing.com.au/blog/page/75.sql
148 - Text Publishing — Blog,https://www.textpublishing.com.au/blog/page/148.sql
IELTS 香港资源（品茶工作室）[飞机TG@Ww007007]真实上门见人付,https://mini-ielts.com/%25E9%25A6%2599%25E6%25B8%25AF%25E8%25B5%2584%25E6%25BA%2590%25EF%25BC%2588%25E5%2593%2581%25E8%258C%25B6%25E5%25B7%25A5%25E4%25BD%259C%25E5%25AE%25A4%25EF%25BC%2589%5B%25E9%25A3%259E%25E6%259C%25BATG%2540ww007007%5D%25E7%259C%259F%25E5%25AE%259E%25E4%25B8%258A%25E9%2597%25A8%25E8%25A7%2581%25E4%25BA%25BA%25E4%25BB%2598-%25E9%25A6%2599%25E6%25B8%25AF%25E8%25B5%2584%25E6%25BA%2590%25EF%25BC%2588%25E5%2593%2581%25E8%258C%25B6%25E5%25B7%25A5%25E4%25BD%259C%25E5%25AE%25A4%25EF%25BC%2589%5B%25E9%25A3%259E%25E6%259C%25BATG%2540ww007007%5D%25E7%259C%259F%25E5%25AE%259E%25E4%25B8%258A%25E9%2597%25A8%25E8%25A7%2581%25E4%25BA%25BA%25E4%25BB%2598-%25E9%25A6%2599%25E6%25B8%25AF%25E8%25B5%2584%25E6%25BA%2590%25EF%25BC%2588%25E5%2593%2581%25E8%258C%25B6%25E5%25B7%25A5%25E4%25BD%259C%25E5%25AE%25A4%25EF%25BC%2589%5B%25E9%25A3%259E%25E6%259C%25BATG%2540ww007007%5D%25E7%259C%259F%25E5%25AE%259E%25E4%25B8%258A%25E9%2597%25A8%25E8%25A7%2581%25E4%25BA%25BA%25E4%25BB%259820230722.sql%3Fc%3Deducation%26page%3D2
read.csv.sql: Read File Filtered by SQL - RDocumentation,https://www.rdocumentation.org/packages/sqldf/versions/0.4-11/topics/read.csv.sql
Doggy Daycare in 佛山足浴保健按摩上门服务QQ【2463949646 ...,https://www.petbacker.com/s/dog-daycare/%25E4%25BD%259B%25E5%25B1%25B1%25E8%25B6%25B3%25E6%25B5%25B4%25E4%25BF%259D%25E5%2581%25A5%25E6%258C%2589%25E6%2591%25A9%25E4%25B8%258A%25E9%2597%25A8%25E6%259C%258D%25E5%258A%25A1%252BQQ%25E3%2580%25902463949646%25E3%2580%2591%2520%25E8%2581%2594%25E7%25B3%25BB.sql
download.caltech.se/download/fluke/SQLFULL_ENU/x64...,http://download.caltech.se/download/fluke/SQLFULL_ENU/x64/Setup/sql_engine_core_inst_msi/PFiles/SqlServr/MSSQL.X/MSSQL/Install/instmdw.sql
Admin login,http://178.73.210.84:5984/login/gs/m2f/view/layout.php/install/froxlor.sql
exercise1.sql,https://www.cse.chalmers.se/~aarne/db-course/exercise1.sql
https://web.ziil.ch/download/amp/openmeetings.sql,https://web.ziil.ch/download/amp/openmeetings.sql
حاسب العمر بالهجري‎ APK Download for Android - a1369131.sql,https://apk.support/app/a1369131.sql
DN (@kpop.sql) | TikTok,https://www.tiktok.com/%40kpop.sql
Gateway Configuration Menu,https://31.220.45.118/login/browser.inc/mysql.initial.sql
mimic-code/mimic-iii/concepts/demographics/icustay_detail.sql at ...,https://github.com/MIT-LCP/mimic-code/blob/main/mimic-iii/concepts/demographics/icustay_detail.sql
mjcraney-lab5.sql - malcolmjc/Databases - GitHub,https://github.com/malcolmjc/Databases/blob/master/lab5/mjcraney-lab5.sql
https://raw.githubusercontent.com/MIT-LCP/mimic-co...,https://raw.githubusercontent.com/MIT-LCP/mimic-code/faa276ae7149f81c897103256e23c8282f6d3b99/concepts/demographics/HeightWeightQuery.sql
SQLPage safety,https://sql.ophir.dev/safety.sql
https://www.postgresql.org/message-id/attachment/7...,https://www.postgresql.org/message-id/attachment/77050/create.sql
https://raw.githubusercontent.com/MIT-LCP/mimic-co...,https://raw.githubusercontent.com/MIT-LCP/mimic-code/faa276ae7149f81c897103256e23c8282f6d3b99/concepts/firstday/rrt-first-day.sql
SQLPage components: authentication,https://sql.ophir.dev/documentation.sql%3Fcomponent%3Dauthentication
Rhode Island Criminal Defense Blog by Matthew Marin,https://www.matthewtmarin.com/blog.sql%3Fpage%3D9
Files · master · immerda / managed-apps / mediawiki · GitLab - Code,https://code.immerda.ch/immerda/managed-apps/mediawiki/-/blob/master/maintenance/archives/patch-rename-mysql-user_newtalk-indexes.sql
