a2069073zex-99_1.txt - SEC.gov,https://www.sec.gov/Archives/edgar/data/882159/000091205702003310/a2069073zex-99_1.txt
https://www.sec.gov/Archives/edgar/data/79225/0000...,https://www.sec.gov/Archives/edgar/data/79225/000007922504000033/delisting.txt
SAS program,https://wpcarey.asu.edu/sites/default/files/2021-10/wealthcreation_2019.sas_.txt
https://archive.epa.gov/epawaste/inforesources/web...,https://archive.epa.gov/epawaste/inforesources/web/txt/pdv.txt
Overview of Best Email DNS-Based List (DNSBL) Operational ... - IETF,https://www.ietf.org/rfc/rfc6471.txt
A through E - National Archives |,https://www.archives.gov/files/federal-register/the-federal-register/2011-annual1.txt
excellerate-holdings-limited-results-of-general.txt - Amazon S3,https://s3-eu-west-1.amazonaws.com/s3.sourceafrica.net/documents/55875/excellerate-holdings-limited-results-of-general.txt
mpidlist.txt - Nasdaq Trader,ftp://ftp.nasdaqtrader.com/SymbolDirectory/mpidlist.txt
https://www.arca.fiocruz.br/bitstream/icict/41600/...,https://www.arca.fiocruz.br/bitstream/icict/41600/5/ve_Viviane_Pereira_etal%2520add.pdf.txt
