nlp_lab_sust/nlp_lab.sql at master - GitHub,https://github.com/talha08/nlp_lab_sust/blob/master/nlp_lab.sql
....sql प्रोफाइल | Facebook,https://m.facebook.com/public/....sql%3Flocale%3Dhi_IN%26_rdr
flash-teams/icebreaker-v2/icebreaker-1.sql at master - GitHub,https://github.com/StanfordHCI/flash-teams/blob/master/icebreaker-v2/icebreaker-1.sql
https://home.deds.nl/~sonkez/backup/bizimalem_sonk...,https://home.deds.nl/~sonkez/backup/bizimalem_sonkez.sql
