"Full text of ""Bibliographies in American history; guide to materials for ...",https://archive.org/stream/bibliographiesin00beer/bibliographiesin00beer_djvu.txt
Bibliomania in the Middle Ages - Project Gutenberg,https://www.gutenberg.org/files/21630/21630-8.txt
11265.txt - Project Gutenberg,https://www.gutenberg.org/files/11265/11265.txt
https://kuscholarworks.ku.edu/bitstream/1808/5847/...,https://kuscholarworks.ku.edu/bitstream/1808/5847/3/libseries.num3.pdf.txt
https://tile.loc.gov/storage-services/public/gdcma...,https://tile.loc.gov/storage-services/public/gdcmassbookdig/jacobsteendamnoc00stee/jacobsteendamnoc00stee_djvu.txt
letterpress/_ruby/app_bundle_words/bi.txt at master · lekevicius ...,https://github.com/lekevicius/letterpress/blob/master/_ruby/app_bundle_words/bi.txt
dictionary.txt 0.1.0-Preview1 - PowerShell Gallery,https://www.powershellgallery.com/packages/Microsoft.PowerShell.TextUtility/0.1.0-Preview1/Content/dictionary.txt
https://ics.uci.edu/~kay/wordlist.txt?sa=X&ved=2ah...,https://ics.uci.edu/~kay/wordlist.txt%3Fsa%3DX%26ved%3D2ahUKEwjwur-otJ_nAhVsyosBHXIPAwsQFjAFegQIBBAB
https://www.boulter.com/scrabble//words/words.txt,https://www.boulter.com/scrabble//words/words.txt
Plain Text UTF-8 - Project Gutenberg,https://gutenberg.ibiblio.org/cache/epub/17216/pg17216.txt
Bibliomania in the Middle Ages - Project Gutenberg,https://www.gutenberg.org/files/21630/21630-8.txt
55635-8.txt - Project Gutenberg,https://www.gutenberg.org/files/55635/55635-8.txt
letterpress/_ruby/app_bundle_words/bi.txt at master · lekevicius ...,https://github.com/lekevicius/letterpress/blob/master/_ruby/app_bundle_words/bi.txt
brownsbusinessco00brow_djvu.txt - Loc - Library of Congress,https://tile.loc.gov/storage-services/public/gdcmassbookdig/brownsbusinessco00brow/brownsbusinessco00brow_djvu.txt
Cluster10s.txt,https://www.cs.cmu.edu/afs/cs/usr/niu/shell/Cluster10s.txt
Plain Text UTF-8 - Project Gutenberg,https://gutenberg.ibiblio.org/cache/epub/17216/pg17216.txt
MerriamWordList.txt 1.242.100 - PowerShell Gallery,https://www.powershellgallery.com/packages/AZSBTools/1.242.100/Content/MerriamWordList.txt
List of words - cs.wisc.edu,https://pages.cs.wisc.edu/~cat/cs368-2011-2/08-regexp1/input-8-words.txt
Dictionary,https://www.eecis.udel.edu/~lliao/cis320f05/dictionary.txt
