https://nebnewspapers.unl.edu/lccn/sn84024326/1924...,https://nebnewspapers.unl.edu/lccn/sn84024326/1924-01-31/ed-1/seq-3/ocr.txt
24968.txt - Project Gutenberg,https://www.gutenberg.org/files/24968/24968.txt
https://ufdcimages.uflib.ufl.edu/UF/00/07/74/26/00...,https://ufdcimages.uflib.ufl.edu/UF/00/07/74/26/00001/00232.txt
https://tile.loc.gov/storage-services/public/gdcma...,https://tile.loc.gov/storage-services/public/gdcmassbookdig/yellowpearlstory00tesk/yellowpearlstory00tesk_djvu.txt
"Full text of ""A SHOPPING TO GUIDE"" - Internet Archive",https://archive.org/stream/shoppingtoguide007017mbp/shoppingtoguide007017mbp_djvu.txt
https://millersville.tind.io/record/2592/files/MVS...,https://millersville.tind.io/record/2592/files/MVS_yearbook1923_118_Students.txt%3Fln%3Den
https://gsarchive.net/bab_ballads/text/to_my_bride.txt,https://gsarchive.net/bab_ballads/text/to_my_bride.txt
https://docsouth.unc.edu/neh/brownhal/list.txt,https://docsouth.unc.edu/neh/brownhal/list.txt
Text version - Cellosaurus,https://www.cellosaurus.org/CVCL_5423.txt
Louise Glaum - Arizona State University,https://www.public.asu.edu/~ialong/Taylor36.txt
