"Full text of ""Wayne Grudem Systematic Theology"" - Internet Archive",https://archive.org/stream/WayneGrudemSystematicTheology/Wayne%2520Grudem%2520-%2520Systematic%2520Theology_djvu.txt
https://ufdcimages.uflib.ufl.edu/UF/E0/05/92/62/00...,https://ufdcimages.uflib.ufl.edu/UF/E0/05/92/62/00001/Barnett_C_pdf.txt
https://courses.cs.washington.edu/courses/cse390c/...,https://courses.cs.washington.edu/courses/cse390c/22sp/lectures/dictionary.txt
"one - Computer Science, FSU",https://www.cs.fsu.edu/~langley/COP3353-2013-1/dictionary-linprog1.txt
577150NWP0Box353766B01PU... - World Bank Documents,https://documents1.worldbank.org/curated/en/891731468330971811/text/577150NWP0Box353766B01PUBLIC10gcwp015web.txt
large.txt - Dr. Phillip M. Feldman's home page,http://phillipmfeldman.org/English/large.txt
dictionary.txt - andrew.cmu.ed,https://www.andrew.cmu.edu/course/15-121/dictionary.txt
dictionary.txt - School of Computing,http://cse.unl.edu/~lksoh/Classes/CSCE100_Fall19/HW/dictionary.txt
10-15-20030401.txt,http://www.scrabbleplayers.org/words/10-15-20030401.txt
scrabble-dictionary.txt,https://web.stanford.edu/class/archive/cs/cs106b/cs106b.1172/lectures/7-IntroRecursion/code/power/res/scrabble-dictionary.txt
0112AM.txt,https://faculty.ncssm.edu/~morrison/JTerm2021/12Jan21/0112AM.txt
Ghost/comma.txt at master - GitHub,https://github.com/ericrosenbrown/Ghost/blob/master/comma.txt
dictionary - Department of Computer Science,https://www.classes.cs.uchicago.edu/archive/2003/summer/10600-1/dict.txt
HERE - Computer Science,https://home.cs.colorado.edu/~jrblack/class/csci3104/f13/hw/wordlst.txt
words-scrambled.txt - Computer Science,https://cs.carleton.edu/faculty/jadrian/cs201/2014.1/hw/hw10-timing-collections/words-scrambled.txt
BoggleDictionary.txt - andrew.cmu.ed,https://www.andrew.cmu.edu/course/15-211-kesden/applications/labs/Boggle/code/BoggleDictionary.txt
full-text - Open Collections - The University of British Columbia,https://open.library.ubc.ca/media/download/full-text/24/1.0067105/0.txt
here - Rose-Hulman,https://www.rose-hulman.edu/class/cs/binaries/csse230/Doublets/english.cleaned.all.95.txt
AA AB AD AE AG AH AI AL AM AN AR AS AT AW AX AY BA,http://www.mathcs.richmond.edu/~jdenny/Courses/Prior/17-18-Fall/CMSC150/Assignments/Programming/Scrabble.txt
words.txt,https://wordfinder.esstudio.site/resources/words.txt
