Bookmarks,http://103.149.203.57/dump.sql
project/data.sql at master - dgpreethamroy - GitHub,https://github.com/dgpreethamroy/project/blob/master/data.sql
Trainee-Management-System/tms.sql at master · RocktimRajkumar ...,https://github.com/RocktimRajkumar/Trainee-Management-System/blob/master/tms.sql
Terminal,http://52.78.120.156:2375/login/webmail./wamp_dir/setup/webdist.cgi/1.sql
LibreNMS/build.sql at ... - Forgejo,https://git.furworks.de/opensourcemirror/LibreNMS/src/commit/824ce313fa961e34b23887fccde7cbf22280e494/build.sql
Supero Doctor III,http://203.187.87.162/users.sql
SFXAdmin,http://175-96-48-180.dynamic.tfn.net.tw/login/webmail./localhost.sql
https://forge.ircam.fr/p/manifeste2014/source/file...,https://forge.ircam.fr/p/manifeste2014/source/file/78e25b31f0915877c0bc27666bf0010bab3b7ed0/fixtures/wordpress_2014-02-25.sql
Big Sister - endymion.sak?.mail.login.page,http://192.71.249.244:60001/login.gch/zentrack/main.php/backup.sql
F-Secure Policy Manager Server Welcome Page - Password,http://202.144.213.141/login/jax_guestbook.php/data.sql
word-counter/words_1900.sql at master · hamger/word-counter ...,https://github.com/hamger/word-counter/blob/master/words_1900.sql
https://redmine.gc.cuny.edu/attachments/download/1...,https://redmine.gc.cuny.edu/attachments/download/16624/local.sql
project/data.sql at master · dgpreethamroy/project · GitHub,https://github.com/dgpreethamroy/project/blob/master/data.sql
AlternC Desktop - i-secure,http://52.78.120.156:2375/login/webmail./wamp_dir/setup/prodotti.php/sql.sql
Supero Doctor III,http://43.255.183.162/login-us/.r%257B%257D_vti_cnf/backup.sql
Apache Tomcat,http://80.209.238.117:9200/login/test.sql
WebCommander,http://54.37.17.101:7547/login-us/5984..sql
Novell Web Services - VMware Management Interface:,http://151.236.18.54:8081/db.sql
Uploader - Uploader v6,http://54.37.17.101:7547/login-redirect/components/com_extended_registration/8888..sql
AlternC Desktop,http://175.96.14.187/comments.php/test.sql
BNBT,http://185.14.187.205:8000/login/wwwroot/components/com_artlinks/standard.php/dump.sql
ASP,http://185.14.187.205:82/205:8000..sql
Azureus : Java BitTorrent Client Tracker,http://210.241.69.25/vb.sql
