"Full text of ""A coniferous petrified forest in Patagonia"" - Internet Archive",https://archive.org/stream/cbarchive_52466_aconiferouspetrifiedforestinpa1949/aconiferouspetrifiedforestinpa1949_djvu.txt
28248-8.txt - Project Gutenberg,https://www.gutenberg.org/files/28248/28248-8.txt
Plain Text UTF-8 - Project Gutenberg,https://www.gutenberg.org/files/62521/62521-0.txt
fr100126.txt - Project Gutenberg Australia,https://gutenberg.net.au/ebooks/fr100126.txt
https://tile.loc.gov/storage-services/public/gdcma...,https://tile.loc.gov/storage-services/public/gdcmassbookdig/firstimpressions00mi/firstimpressions00mi_djvu.txt
dawg-gen/shortlist.txt at master · AndrasKovacs/dawg-gen · GitHub,https://github.com/AndrasKovacs/dawg-gen/blob/master/shortlist.txt
https://www.evancramb.com/boggle/wordnik-wordlist-...,https://www.evancramb.com/boggle/wordnik-wordlist-20210729.txt
scrabble-dictionary.txt - web.stanford.edu,http://web.stanford.edu/class/archive/cs/cs106b/cs106b.1164//lectures/5-Collections/code/mpedigree/res/scrabble-dictionary.txt
