Other (PostgreSQL complete database) - Durham e-Theses,http://etheses.dur.ac.uk/14524/3/DB_all.sql%3FDDD6%2B
Other (PostgreSQL complete database) - Durham e-Theses,http://etheses.dur.ac.uk/14524/3/DB_all.sql%3FDDD6%2B
