https://iopscience.iop.org/1538-3881/158/6/245/sup...,https://iopscience.iop.org/1538-3881/158/6/245/suppdata/ajab4f7dt2_ascii.txt%3Fdoi%3D10.3847/1538-3881/ab4f7d
mar_02_dress_code_women.txt - Masjid Tucson,https://www.masjidtucson.org/publications/books/weekly/2017/mar/mar_02_dress_code_women.txt
Download,https://www.lenus.ie/bitstream/handle/10147/129594/20566814.txt%3Fsequence%3D1%26isAllowed%3Dy
text-only version of this release - NASA,https://www.nasa.gov/home/hqnews/2010/dec/HQ_10-318_Super-Earth_Atmosphere.txt
https://amper.ped.muni.cz/noc/pisarecky_tunel/info.txt,https://amper.ped.muni.cz/noc/pisarecky_tunel/info.txt
999 - Central Bureau for Astronomical Telegrams,http://www.cbat.eps.harvard.edu/cbet/000900/CBET000999.txt
robots.txt - Catawiki,https://www.catawiki.com/robots.txt
https://www.justice.gov/archive/enron/exhibit/02-2...,https://www.justice.gov/archive/enron/exhibit/02-21/BBC-0001/OCR/4614.001.TXT
https://ufdcimages.uflib.ufl.edu/UF/00/08/70/75/00...,https://ufdcimages.uflib.ufl.edu/UF/00/08/70/75/00001/00063.txt
https://www.hymnsite.com/lyrics/umh103.txt,https://www.hymnsite.com/lyrics/umh103.txt
spelling.txt,http://www.cs.bilkent.edu.tr/~david/spelling.txt
1314185.txt - VA.gov,https://www.va.gov/vetapp13/Files2/1314185.txt
https://subarutelescope.org/Observing/Schedule/S15...,https://subarutelescope.org/Observing/Schedule/S15B_abstract/S15B-128.txt
http://www.mit.edu/~jrising/resources/misc/webres/...,http://www.mit.edu/~jrising/resources/misc/webres/ei-notafter-c.txt
59409-0.txt - Project Gutenberg,https://www.gutenberg.org/files/59409/59409-0.txt
9800711.txt - VA.gov,https://www.va.gov/vetapp98/files1/9800711.txt
https://www.cherini.eu/Giulio/sito/B/atel5258.txt,https://www.cherini.eu/Giulio/sito/B/atel5258.txt
View Transcript - UVA School of Medicine,https://med.virginia.edu/dom/wp-content/uploads/sites/210/2019/11/UPDATE-ON-HEPATITIS-C-TREATMENT-AND-FUTURE-DIRECTIONS-OF-RESEARCH_Susanna_Naggie_10_11_19.plain_text.txt
https://minds.wisconsin.edu/bitstream/1793/66726/7...,https://minds.wisconsin.edu/bitstream/1793/66726/7/20BedilPoems.pdf.txt
The City Condemned to Hell - Project Gutenberg Australia,http://gutenberg.net.au/ebooks06/0604231.txt
http://www.clarity-media.co.uk/ianswer/extrasoluti...,http://www.clarity-media.co.uk/ianswer/extrasolutions/1407-Friday.wordwheel.txt
"Full text of ""Style (1904)"" - Internet Archive",https://archive.org/stream/dgrstyle1904toro/dgrstyle1904toro_djvu.txt
Discussion Guide - Caledon Oxbridge University,https://www.caledonoxbridge.org/cvl_caledon/guide_20181011_delany_helix.txt
pg00135.txt - USGenWeb Census Project,http://www.usgwcensus.org/cenfiles/mn/houston/1860/pg00135.txt
ocr.txt,https://historicnewspapers.sc.edu/lccn/sn93067760/1910-06-29/ed-1/seq-8/ocr.txt
https://repositorio.ufmg.br/bitstream/1843/BUBD-9G...,https://repositorio.ufmg.br/bitstream/1843/BUBD-9GXNVV/2/salencar.pdf.txt
Observer's report,http://venus.ifca.unican.es/~xray/AXIS/0106INT/0106INTreport.txt
rewritingotherse00sabruoft.fulltext.txt - Library and Archives Canada,https://dr.library.brocku.ca/bitstream/handle/10464/1167/rewritingotherse00sabruoft.fulltext.txt%3Fsequence%3D2%26isAllowed%3Dy
Przystupa.pdf.txt,https://digital.lib.washington.edu/researchworks/bitstream/1773/24752/2/Przystupa.pdf.txt
https://www.eighteenthcenturypoetry.org/works/bjb1...,https://www.eighteenthcenturypoetry.org/works/bjb18-w0260/bjb18-w0260.txt
