ascii - Office for Victims of Crime,https://ovc.ojp.gov/sites/g/files/xyckuh226/files/publications/infores/probparole/probparole.txt
Text - New OJP Resources,https://www.ncjrs.gov/txtfiles/strsent.txt
Text - New OJP Resources,https://www.ncjrs.gov/txtfiles/165043.txt
Death Penalty for Lesbians,https://www.cs.cmu.edu/afs/cs/usr/scotts/bulgarians/njsol/death_penalty_lesbian.txt
0146022.txt - Virginia's Judicial System,https://www.vacourts.gov/opinions/opncavtx/0146022.txt
"Full text of ""Sentencing Memos for Gupta"" - Internet Archive",https://archive.org/stream/471871-sentencing-memos-for-gupta/471871-sentencing-memos-for-gupta_djvu.txt
"Full text of ""Federal mandatory minimum sentencing - Internet Archive",https://archive.org/stream/federalmandatory00unit/federalmandatory00unit_djvu.txt
https://dspace.stir.ac.uk/bitstream/1893/11364/3/C...,https://dspace.stir.ac.uk/bitstream/1893/11364/3/Conditional-Sentences-FINAL-january-2013.pdf.txt
Download,https://portal.abuad.edu.ng/Assignments/1586905044text.txt
Leaving a lasting legacy.pdf.txt,https://uir.unisa.ac.za/bitstream/handle/10500/8893/Leaving%2520a%2520lasting%2520legacy.pdf.txt%3Fsequence%3D3
