[PDF] Kinetics of Myofîlament Activation in Potentiated Contraction ...,https://dipot.ulb.ac.be/dspace/bitstream/2013/180786/4/bb5a85ca-b3fc-4a81-98c5-f44d745ff006.txt
Eval-of-Left-Ventricular-Diastolic-Function-by-Echo.content.txt,https://asecho.org/wp-content/uploads/pdf2json/Eval-of-Left-Ventricular-Diastolic-Function-by-Echo.content.txt
https://digital.lib.washington.edu/researchworks/b...,https://digital.lib.washington.edu/researchworks/bitstream/1773/24176/2/Feest_washington_0250E_11436.pdf.txt
muscle_tissue-2016.txt - z https://is.muni.cz,https://is.muni.cz/el/med/jaro2016/aVLHE0221c/um/muscle_tissue-2016.txt%3Fkod%3DaVLHE0221c%3Bpredmet%3D877777%3Blang%3Dcs
https://thescholarship.ecu.edu/bitstream/10342/331...,https://thescholarship.ecu.edu/bitstream/10342/3318/4/Equilibration%2520exchange%2520fluorescently%2520labeled%2520molecules.pdf.txt
https://digitum.um.es/digitum//bitstream/10201/188...,https://digitum.um.es/digitum//bitstream/10201/18835/2/Ultrastructural%2520studies%2520on.pdf.txt
"Full text of ""m Books"" - Internet Archive",https://archive.org/stream/mbooks_201908/Muscular%2520System_djvu.txt
112201-39.txt - bioRxiv,https://www.biorxiv.org/content/biorxiv/suppl/2017/08/28/112201.DC3/112201-39.txt
2001 03 000670 - Klarinet,http://test.woodwind.org/Databases/lookup.php/Klarinet/2001/03/000670.txt
