Transcript - Government Accountability Office,https://www.gao.gov/assets/700/696107.txt
RFC 343 - IETF,https://www.ietf.org/rfc/rfc343.txt
https://www.courts.wa.gov/content/OralArgAudio/a02...,https://www.courts.wa.gov/content/OralArgAudio/a02/20120913/414031%2520-%2520State%2520v%2520Macias%2520(not%2520recorded).txt
Transcript - Government Accountability Office,https://www.gao.gov/assets/710/705354.txt
ftp://ftp.ncdc.noaa.gov/pub/data/noaa/NOTICE-ISD-M...,ftp://ftp.ncdc.noaa.gov/pub/data/noaa/NOTICE-ISD-MERGE-ISSUE.TXT
Text,https://www.gsbca.gsa.gov/travel/t138790.txt
https://www.nhc.noaa.gov/archive/text/OFFN04/2021/...,https://www.nhc.noaa.gov/archive/text/OFFN04/2021/OFFN04.202101071609.txt
landfill.txt,https://www3.epa.gov/ttn/catc/dir1/landfill.txt
DM 01.22-02 Delay of MET information transmission from JMA via ...,https://www.weather.gov/source/datamgmt/DM012202.txt
User_Note_for_the_Sequence_...,https://www2.census.gov/acs2005_2009_5yr/summaryfile/User_Note_for_the_Sequence_Number_and_Table_Number_Lookup_files.txt
