2020 ALNAVRESFOR 013 CNRF-GUIDANCE TO RESERVE ...,https://www.navyreserve.navy.mil/Portals/35/Documents/ALNAVRESFOR%25202020/2020%2520ALNAVRESFOR%2520013%2520CNRF-GUIDANCE%2520TO%2520RESERVE%2520COMMANDERS%2520ON%2520RESUMING%2520ON-SITE%2520DRILL%2520WEEKENDS.txt%3Fver%3D5L1aqc7FhysTNCsFaKcmtQ%253D%253D
0000950131-96-004392.txt - SEC.gov,https://www.sec.gov/Archives/edgar/data/917524/0000950131-96-004392.txt
0000950124-98-002179.txt - SEC.gov,https://www.sec.gov/Archives/edgar/data/353448/0000950124-98-002179.txt
https://www.cs.cmu.edu/~dst/Stop-Narconon/Leona_Va...,https://www.cs.cmu.edu/~dst/Stop-Narconon/Leona_Valley/michael-kobrin-2006-01-19.txt
download the transcript - Ford School of Public Policy,https://fordschool.umich.edu/sites/default/files/work_force_video1.txt
https://www.nsvrc.org/sites/default/files/2014-01/...,https://www.nsvrc.org/sites/default/files/2014-01/saam_2014_event-planning-guide.txt
https://www.boe.ca.gov/meetings/transcripts/2016_1...,https://www.boe.ca.gov/meetings/transcripts/2016_11_29P6-1.txt
534600GET0note1ked0question... - Open Knowledge Repository,https://openknowledge.worldbank.org/bitstream/10986/10513/2/534600GET0note1ked0questions0series.txt
655950v10PJPR000revised0No... - The World Bank Documents,https://documents1.worldbank.org/curated/en/966121468201532320/text/655950v10PJPR000revised0Nov09002011.txt
YouTube Transcript from 5/4/2021 City Council Meeting,https://www.longbeachny.gov/vertical/sites/%257BC3C1054A-3D3A-41B3-8896-814D00B86D2A%257D/uploads/05-04-2021_Transcript.txt
