safe_add.sql - dbt-labs/dbt-utils - GitHub,https://github.com/dbt-labs/dbt-utils/blob/main/macros/sql/safe_add.sql
sp_EasyButton.sql - GitHub,https://github.com/pimbrouwers/sp_EasyButton/blob/master/sp_EasyButton.sql
GuiltyComePvc - MystBin,https://mystb.in/GuiltyComePvc.sql
Microsoft.EntityFrameworkCore.Query.Sql Namespace,https://learn.microsoft.com/en-us/dotnet/api/microsoft.entityframeworkcore.query.sql%3Fview%3Defcore-2.2
"""以色列外围高端模特联系方式(薇信▷194⒉655)以色列外围高端模特 ...",https://americanheatingandcooling.com/search/%25E4%25BB%25A5%25E8%2589%25B2%25E5%2588%2597%25E5%25A4%2596%25E5%259B%25B4%25E9%25AB%2598%25E7%25AB%25AF%25E6%25A8%25A1%25E7%2589%25B9%25E8%2581%2594%25E7%25B3%25BB%25E6%2596%25B9%25E5%25BC%258F(%25E8%2596%2587%25E4%25BF%25A1%25E2%2596%25B7194%25E2%2592%2589655)%25E4%25BB%25A5%25E8%2589%25B2%25E5%2588%2597%25E5%25A4%2596%25E5%259B%25B4%25E9%25AB%2598%25E7%25AB%25AF%25E6%25A8%25A1%25E7%2589%25B9%25E8%2581%2594%25E7%25B3%25BB%25E6%2596%25B9%25E5%25BC%258F_%25E6%2589%25BE%25E5%25A4%2596%25E5%259B%25B4%25E9%25AB%2598%25E7%25AB%25AF%25E9%25A2%2584%25E7%25BA%25A6%25E5%25AD%25A6%25E7%2594%259F%25E5%25A6%25B9%25E8%258E%259E%25E5%25BC%258F%25E6%259C%258D%25E5%258A%25A1(%25E8%2596%2587%25E4%25BF%25A1%25E2%2596%25B7194%25E2%2592%2589655)%25E6%2580%258E%25E4%25B9%2588%25E6%2589%25BE%25E5%25A4%2596%25E5%259B%25B4%25E5%25BE%25AE%25E4%25BF%25A1%25E7%2589%25B9%25E6%25AE%258A%25E6%259C%258D%25E5%258A%25A1.sql
https://raw.githubusercontent.com/mwiser/splunk-it...,https://raw.githubusercontent.com/mwiser/splunk-itsi-objectserver/master/itsi.sql
Untitled,http://source.softcomsolutions.co.za/Released/6421000/2.sql
mirrors_Flipboard/dbt-date - Gitee,https://gitee.com/mirrors_Flipboard/dbt-date/blob/main/macros/calendar_date/month_name.sql
zhanggyjp/CloudERP: 实现管理流程“客户关系管理-> 销售报价 ...,https://git.osiicn.com/zhanggyjp/CloudERP/src/1e384d35c5301d6b1c8c34706e4010bb04e317b5/src/sql/mysql/upgrade3.11.1-4.00.sql%3Flang%3Den-US
1.0.sql · master · Jakob Huber / postgres-lambda-diff - GitLab,https://gitlab.db.in.tum.de/JakobHuber/postgres-lambda-diff/-/blob/master/contrib/amcheck/amcheck--1.0.sql
hr_test_110622.sql - OpenMRS Wiki,https://wiki.openmrs.org/download/attachments/15139153/hr_test_110622.sql
wti crude stock - Best Forex Trading Signals for 2023,https://capitalsalud.gov.co/vb.sql
arre.sql - Index of /,http://178.33.227.9:44355/recepisse/siteweb/dynamique/arre.sql
Repo 4 waitgroups2.sql - DB Optimizer - Embarcadero DocWiki,https://docwiki.embarcadero.com/DBOptimizer/en/Repo_4_waitgroups2.sql
"""Fossies"" - the Fresh Open Source Software Archive",https://fossies.org/linux/ossim/db/plugins/ntsyslog.sql
volis - failid - function_updates_v0.3.sql - e-riigi koodivaramu,https://koodivaramu.eesti.ee/elvl/volis/-/blob/5469f7e22cd7b3555dddc36811c5fcb2f187dc07/failid/function_updates_v0.3.sql
216.211.134.113/iam751/iam751.sql,http://216.211.134.113/iam751/iam751.sql
newdump.sql - Index of /,http://89-16-184-143.no-reverse-dns-set.bytemark.co.uk/newdump.sql
