Reddibility/khandumpfile.sql at master - GitHub,https://github.com/nicktomko/Reddibility/blob/master/khandumpfile.sql
golfessentials/db/golfesse_db_041212.sql at master - GitHub,https://github.com/narayanwaraich/golfessentials/blob/master/db/golfesse_db_041212.sql
Reddibility/khandumpfile.sql at master - GitHub,https://github.com/nicktomko/Reddibility/blob/master/khandumpfile.sql
golfessentials/db/golfesse_db_041212.sql at master - GitHub,https://github.com/narayanwaraich/golfessentials/blob/master/db/golfesse_db_041212.sql
Reddibility/khandumpfile.sql at master - GitHub,https://github.com/nicktomko/Reddibility/blob/master/khandumpfile.sql
golfessentials/db/golfesse_db_041212.sql at master - GitHub,https://github.com/narayanwaraich/golfessentials/blob/master/db/golfesse_db_041212.sql
