"cockfight (fdom-m, ff, wife, v, hum).txt - ASSTR","https://asstr.xyz/files/Collections/Kristen%2527s_Collection/Book_Shelf_C/cockfight%2520(fdom-m,%2520ff,%2520wife,%2520v,%2520hum).txt"
Schweda Girls - Chapter 3.txt - ASSTR,https://asstr.xyz/files/Authors/Cavegirl/Schweda%2520Girls%2520-%2520Chapter%25203.txt
U.K. - Leonid meteor,https://leonid.arc.nasa.gov/98comment25.txt
Educational-Considerations-Usher-Syndrome-Part-2-transcript.txt,https://www.nationaldb.org/media/doc/Educational-Considerations-Usher-Syndrome-Part-2-transcript.txt
Change Log - Structural Toolkit,https://www.structuraltoolkit.com.au/downloads/updates/changelog.txt
Eyes - Seattle Scrabble Club,http://www.seattlescrabble.org/data/ThemeLists/eyes.txt
https://www.oshrc.gov/assets/1/6/NO._93-0577.txt?3618,https://www.oshrc.gov/assets/1/6/NO._93-0577.txt%3F3618
Something New - The Original Hip-Hop (Rap) Lyrics Archive,http://www.ohhla.com/anonymous/cam_ron/k_season/some_new.cam.txt
https://www.keyboard-design.com/typing-lessons//mc...,https://www.keyboard-design.com/typing-lessons//mcgunnigle-peoples-rehomed.en.ansi_week2_day5.txt
www.barkingduck.net/ehayes/thrudoor.txt,http://www.barkingduck.net/ehayes/thrudoor.txt
"cockfight (fdom-m, ff, wife, v, hum).txt - ASSTR","https://asstr.xyz/files/Collections/Kristen%2527s_Collection/Book_Shelf_C/cockfight%2520(fdom-m,%2520ff,%2520wife,%2520v,%2520hum).txt"
Schweda Girls - Chapter 3.txt - ASSTR,https://asstr.xyz/files/Authors/Cavegirl/Schweda%2520Girls%2520-%2520Chapter%25203.txt
U.K. - Leonid meteor,https://leonid.arc.nasa.gov/98comment25.txt
Change Log - Structural Toolkit,https://www.structuraltoolkit.com.au/downloads/updates/changelog.txt
https://www.oshrc.gov/assets/1/6/NO._93-0577.txt?3618,https://www.oshrc.gov/assets/1/6/NO._93-0577.txt%3F3618
Klarinet - 2004 02 000111 - Woodwind.Org,http://test.woodwind.org/Databases/Klarinet/2004/02/000111.txt
www.seattlescrabble.org/data/ThemeLists/eyes.txt,http://www.seattlescrabble.org/data/ThemeLists/eyes.txt
Something New - The Original Hip-Hop (Rap) Lyrics Archive,http://www.ohhla.com/anonymous/cam_ron/k_season/some_new.cam.txt
980519-text,http://web.mit.edu/~dskern/www/amber/log980519.txt
