SNMP-COMMUNITY-MIB.txt - GitHub,https://github.com/hardaker/net-snmp/blob/master/mibs/SNMP-COMMUNITY-MIB.txt
SNMP Applications - » RFC Editor,https://www.rfc-editor.org/rfc/rfc2573.txt
net-snmp/mibs/SNMP-FRAMEWORK-MIB.txt at master - GitHub,https://github.com/hardaker/net-snmp/blob/master/mibs/SNMP-FRAMEWORK-MIB.txt
SNMP-MPD-MIB - NVIDIA Docs,https://docs.nvidia.com/networking-ethernet-software/mibs/SNMP-MPD.txt
bin/netsnmp/mibs/SNMP-PROXY-MIB.txt 0.2.1 - PowerShell Gallery,https://www.powershellgallery.com/packages/PoshSNMP/0.2.1/Content/bin%255Cnetsnmp%255Cmibs%255CSNMP-PROXY-MIB.txt
"Oct. 16, 2018 - Dominick DellaSalla, Suggested charter changes.txt","https://www.oregon.gov/odf/ForestBenefits/Documents/Forest%2520Carbon%2520Study/Oct.%252016,%25202018%2520-%2520Dominick%2520DellaSalla,%2520Suggested%2520charter%2520changes.txt"
2nd Special Issue on Time Series Analysis - CMStatistics,https://www.cmstatistics.org/docs/CSDA_2nd_Special_Issue_TimeSeries2023.txt
RFC 2273,https://www.rfc-editor.org/rfc/rfc2273.txt
https://terpconnect.umd.edu/~sliang/book/review.et...,https://terpconnect.umd.edu/~sliang/book/review.etreams.txt
MVS_yearbook1972_149_Organ...,https://millersville.tind.io/record/2642/files/MVS_yearbook1972_149_Organizations.txt
