supra/src/SupraLib/CMakeLists.txt at master - GitHub,https://github.com/IFL-CAMP/supra/blob/master/src/SupraLib/CMakeLists.txt
NASA and Supra Medical Corp. To Develop Ultrasound Detector,https://www.nasa.gov/home/hqnews/1993/93-125.txt
OIG Review of NSFNET,https://www.nsf.gov/pubs/stis1993/oig9301/oig9301.txt
1538857.txt - VA.gov,https://www.va.gov/vetapp15/Files5/1538857.txt
1033976.txt - VA.gov,https://www.va.gov/vetapp10/files4/1033976.txt
txt - Department of Justice,https://www.justice.gov/sites/default/files/osg/briefs/1987/01/01/sg870202.txt
"Full text of ""Quantel Supra 532NM Supra Twin 660 ... - Internet Archive",https://archive.org/stream/manual_Quantel_Supra_532NM_Supra_Twin_660_810NM_Supra_577-Y_577NM_Service_Manual/Quantel_Supra_532NM_Supra_Twin_660_810NM_Supra_577-Y_577NM_Service_Manual_djvu.txt
wv9795x.txt - Federal Mine Safety and Health Review Commission,https://fmshrc.gov/decisions/alj/wv9795x.txt
v9911.txt - Federal Mine Safety and Health Review Commission,https://fmshrc.gov/decisions/alj/v9911.txt
bogen_race-0218.txt,https://msa.maryland.gov/megafile/msa/speccol/sc5300/sc5339/000091/000000/000001/restricted/2002_09_10/bogen_race/txt/bogen_race-0218.txt
CMakeLists.txt - IFL-CAMP/supra - GitHub,https://github.com/IFL-CAMP/supra/blob/master/CMakeLists.txt
supra/src/SupraLib/CMakeLists.txt at master - GitHub,https://github.com/IFL-CAMP/supra/blob/master/src/SupraLib/CMakeLists.txt
DA-23-969A1.txt - Federal Communications Commission,https://docs.fcc.gov/public/attachments/DA-23-969A1.txt
0410923.txt - VA.gov,https://www.va.gov/vetapp04/files2/0410923.txt
txt - Department of Justice,https://www.justice.gov/sites/default/files/osg/briefs/1987/01/01/sg870202.txt
0404974.txt - VA.gov,https://www.va.gov/vetapp04/files/0404974.txt
"Full text of ""Quantel Supra 532NM Supra Twin 660 ... - Internet Archive",https://archive.org/stream/manual_Quantel_Supra_532NM_Supra_Twin_660_810NM_Supra_577-Y_577NM_Service_Manual/Quantel_Supra_532NM_Supra_Twin_660_810NM_Supra_577-Y_577NM_Service_Manual_djvu.txt
ANS CO+RE Systems - National Science Foundation,https://www.nsf.gov/pubs/stis1993/oig9301/oig9301.txt
yk9853.txt - Federal Mine Safety and Health Review Commission,https://www.fmshrc.gov/decisions/alj/yk9853.txt
1634.txt - HPE Community,https://community.hpe.com/hpeb/attachments/hpeb/itrc-156/583590/1/1634.txt
bogen_race-0218.txt,https://msa.maryland.gov/megafile/msa/speccol/sc5300/sc5339/000091/000000/000001/restricted/2002_09_10/bogen_race/txt/bogen_race-0218.txt
LO92-009,https://www2.texasattorneygeneral.gov/opinions/opinions/48morales/lo/1992/htm/lo1992009.txt
Rule 3a-4 - SEC.gov,https://www.sec.gov/files/rules/final/ic-22579.txt
1957 Ind Op Att'y Gen 278.pdf.txt - IUPUI ScholarWorks,https://scholarworks.iupui.edu/bitstream/1805/1005/122/1957%2520Ind%2520Op%2520Att%2527y%2520Gen%2520278.pdf.txt
2608952.txt,https://www.vacourts.gov/opinions/opncavtx/2608952.txt
Need For Speed Prostreet set ups and advice V1.0 - Super Cheats,https://www.supercheats.com/playstation2/walkthroughs/needforspeedprostreet-walkthrough02.txt
29264.txt - World Bank Documents and Reports,https://documents1.worldbank.org/curated/en/428991468779418932/text/29264.txt
00011.txt - UFDC Image Array 2,https://ufdcimages.uflib.ufl.edu/WL/00/00/34/65/00001/00011.txt
2019669163.txt - Loc,https://tile.loc.gov/storage-services/service/gdc/gdccrowd/ll/llglrdppub/2019669163/2019669163.txt
050108.txt - Kerr County,http://www.co.kerr.tx.us/commcrt/minutes/2001%2520-%25202010/2008/May/050108.txt
