"Full text of ""Nonporite Industrial and Technical Products""",https://archive.org/stream/nonporitepty.ltd/Nonporite%2520Pty.%2520Ltd_djvu.txt
data-structures-ucb/hw/hw6/words.txt at master - GitHub,https://github.com/Zhenye-Na/data-structures-ucb/blob/master/hw/hw6/words.txt
https://tile.loc.gov/storage-services/public/gdcma...,https://tile.loc.gov/storage-services/public/gdcmassbookdig/documentaryhisto00hami/documentaryhisto00hami_djvu.txt
1652-0.txt - Project Gutenberg,https://www.gutenberg.org/files/1652/1652-0.txt
CBC_Bing_Feed.txt - Wesco,https://buy.wesco.ca/static/catalog/products/images/CBC_Bing_Feed.txt
https://ufdcimages.uflib.ufl.edu/UF/00/02/83/19/01...,https://ufdcimages.uflib.ufl.edu/UF/00/02/83/19/01927/00027.txt
Google_PLA_File.txt - WESCO,https://buy.wesco.com/static/catalog/products/images/Google_PLA_File.txt
https://boulter.com/scrabble//words/words.txt,https://boulter.com/scrabble//words/words.txt
1827lotd.txt - USGenWeb Archives,http://files.usgwarchives.net/ga/jones/deeds/1827lotd.txt
lee1.txt - USGenWeb Archives,http://files.usgwarchives.net/ga/deeds/1827/lee1.txt
https://www.evancramb.com/boggle/wordnik-wordlist-...,https://www.evancramb.com/boggle/wordnik-wordlist-20210729.txt
8-to-make-9.txt - Seattle Scrabble Club,http://www.seattlescrabble.org/data/8-to-make-9.txt
sowpods.txt - Lexical Word Finder,https://www.lexicalwordfinder.com/lexicons/sowpods.txt
words.txt - UT Computer Science,https://www.cs.utexas.edu/~mitra/csFall2017/cs303/assgn/words.txt
"wordlist.txt - Computer Science, FSU",http://www.cs.fsu.edu/~langley/COP4530/Assignments/5/wordlist.txt
titlewords.txt - Apache's svn,https://svn.apache.org/repos/asf/jena/Experimental/JenaPerf/trunk/Benchmarks/BSBM/titlewords.txt
Dictionary.txt - Computer Science,http://web.cs.wpi.edu/~heineman/html/teaching_/cs1004/e14/Homeworks/HW5/Dictionary.txt
words.txt,https://msoe.us/taylor/files/words.txt
JJonathanDictionary.txt - Washington,https://courses.cs.washington.edu/courses/cse143/04su/projects/p7/MixMatchClassFilesOld/studentsol/YapDave/JJonathanDictionary.txt
dictall.txt - Stuy.edu,http://bert.stuy.edu/pbrooks/misc/dictall.txt
"Full text of ""Nonporite Industrial and Technical Products""",https://archive.org/stream/nonporitepty.ltd/Nonporite%2520Pty.%2520Ltd_djvu.txt
CBC_Bing_Feed.txt - Wesco,https://buy.wesco.ca/static/catalog/products/images/CBC_Bing_Feed.txt
pg0002.txt - The USGenWeb Census Project®,https://www.us-census.org/pub/usgenweb/census/pa/tioga/1830/pg0002.txt
"The Survivors of the Chancellor, diary of J.R. Kazallon, passenger",https://www.gutenberg.org/files/1652/1652.txt
Google_PLA_File.txt - Carlton Bates,https://www.carltonbates.com/static/catalog/products/images/Google_PLA_File.txt
aardvark aardvarks abaci aback abacus - University of Notre Dame,https://www3.nd.edu/~mcdonald/Data/ND_Master_Dictionary_v2.txt
1827lots.txt - USGenWeb Archives,http://files.usgwarchives.net/ga/randolph/deeds/1827lots.txt
dictionary.txt - andrew.cmu.ed,https://www.andrew.cmu.edu/course/15-121/dictionary.txt
