knock.txt - namansahore/Remote-File-Inclusion-Shell - GitHub,https://github.com/namansahore/Remote-File-Inclusion-Shell/blob/master/knock.txt
Fox in Socks,https://ai.eecs.umich.edu/people/dreeves/Fox-In-Socks.txt
Hard Knock Life (Ghetto Anthem) - OHHLA.com,https://ohhla.com/anonymous/jigga/vol2hard/hrdknock.jyz.txt
KnockKnock.txt | Fallout Wiki - Fandom,https://fallout.fandom.com/wiki/KnockKnock.txt
Knock Knock The Hives Chords and Lyrics for Guitar - Chordie,https://www.chordie.com/chord.pere/www.xguitar.com/guitar-tabs/hives/veni_vidi_vicious/knock_knock.txt
Ask Seek Knock,https://ppbmuseum.org/songs/ASK.txt
The Original Hip-Hop (Rap) Lyrics Archive - OHHLA.com,http://www.ohhla.com/anonymous/little_b/butequal/knkknock.bro.txt
knock/requirements.txt at master · guelfoweb/knock - GitHub,https://github.com/guelfoweb/knock/blob/master/requirements.txt
The Wedding of Mrs. Fox (two stories),https://www.cs.cmu.edu/~spok/grimmtmp/158.txt
Knocking On Heaven's Door.txt - The Almighty Guru,http://www.thealmightyguru.com/Music/Lyrics/Guns%2520N'%2520Roses/Knocking%2520On%2520Heaven's%2520Door.txt
Knock on Wood Eric Clapton Chords and Lyrics for Guitar - Chordie,https://www.chordie.com/chord.pere/www.xguitar.com/guitar-tabs/eric_clapton/behind_the_sun/knock_on_wood.txt
"Full text of ""Freemason_Documents"" - Internet Archive",https://archive.org/stream/Freemason_Documents/Three_Distinct_Knocks_djvu.txt
Page source - Irssi,https://irssi.org/_sources/documentation/help/knock.md.txt
otkgIm_caption_en.txt - PBS,https://kids.pbs-video.pbs.org/captions/nature-cat/ef52bc41-4e66-4126-8cba-607d67f6b0fe/captions/otkgIm_caption_en.txt
here - Passport to Texas,https://passporttotexas.org/media/pt071008.txt
Millennial Lady - Rockapella,https://www.rockapella.com/rplyrics/milleniallady.txt
9097.full.txt,https://www.jneurosci.org/content/23/27/9097.full.txt
1232132.txt - VA.gov,https://www.va.gov/vetapp12/files5/1232132.txt
00076.txt - UFDC Image Array 2,https://ufdcimages.uflib.ufl.edu/UF/00/06/55/13/00194/00076.txt
Campbell knocks off WSC rival – Shaw Local,https://www.shawlocal.com/2008/03/21/campbell-knocks-off-wsc-rival/asi1llf/sports01.txt
