[XML] https://help.hcltechsw.com/commerce/9.1.0/dom-integration/code ...,https://help.hcltechsw.com/commerce/9.1.0/dom-integration/code/BODs/GetOrder.xsd.txt
[XML] https://help.hcltechsw.com/commerce/9.1.0/dom-integration/code ...,https://help.hcltechsw.com/commerce/9.1.0/dom-integration/code/BODs/SyncOrder.xsd.txt
DA-22-320A1.txt - Federal Communications Commission,https://docs.fcc.gov/public/attachments/DA-22-320A1.txt
README.txt - BoD/winsupermaximize - GitHub,https://github.com/BoD/winsupermaximize/blob/master/README.txt
dsconfig_206.txt - BusinessObjects Board,https://bobj-board.org/uploads/default/original/1X/dsconfig_206.txt
https://www.justice.gov/archive/enron/exhibit/02-0...,https://www.justice.gov/archive/enron/exhibit/02-06/BBC-0001/ocr/EXH004-00663%255EFullText.TXT
1976_dunlap.txt - Rutgers geography,http://geography.rutgers.edu/images/stories/dissertation_abstracts/1976_dunlap.txt
91018MMP.txt - epa nepis - Environmental Protection Agency,https://nepis.epa.gov/Exe/ZyNET.exe/91018MMP.txt%3FZyActionW%3DDownload%26Client%3DEPA%26Index%3D2016%2520Thru%25202020%257C2011%2520Thru%25202015%257C2000%2520Thru%25202005%257C2006%2520Thru%25202010%257CPrior%2520to%25201976%257C1976%2520Thru%25201980%257C1981%2520Thru%25201985%257C1986%2520Thru%25201990%257C1991%2520Thru%25201994%257C1995%2520Thru%25201999%257CHardcopy%2520Publications%26Docs%3D%26Query%3Dtrickling%2520ammonia%2520bods%2520nitrification%2520mgd%26Time%3D%26EndTime%3D%26SearchMethod%3D2%26TocRestrict%3Dn%26Toc%3D%26TocEntry%3D%26QField%3D%26QFieldYear%3D%26QFieldMonth%3D%26QFieldDay%3D%26UseQField%3D%26IntQFieldOp%3D0%26ExtQFieldOp%3D0%26XmlQuery%3D%26File%3DD%253A%255CZYFILES%255CINDEX%2520DATA%255C91THRU94%255CTXT%255C00000028%255C91018MMP.txt%26User%3DANONYMOUS%26Password%3Danonymous%26SortMethod%3Dh%257C-%26MaximumDocuments%3D15%26FuzzyDegree%3D0%26ImageQuality%3Dr85g16/r85g16/x150y150g16/i500%26Display%3Dhpfr%26DefSeekPage%3Dx%26SearchBack%3DZyActionE%26Back%3DZyActionS%26BackDesc%3DResults%2520page
0001193125-23-256145.txt - SEC.gov,https://www.sec.gov/Archives/edgar/data/1844149/000119312523256145/0001193125-23-256145.txt
