sqlflame.sql - tanelpoder/tpt-oracle - GitHub,https://github.com/tanelpoder/tpt-oracle/blob/master/sqlflame.sql
Microsoft.Azure.WebJobs.Extensions.Sql 3.0.534 - NuGet Gallery,https://www.nuget.org/packages/Microsoft.Azure.WebJobs.Extensions.Sql
form - SQLPage components,https://sql.ophir.dev/documentation.sql%3Fcomponent%3Dform
ch19-project2-start/art-small.sql at master - GitHub,https://github.com/funwebdev-2nd-ed/ch19-project2-start/blob/master/art-small.sql
database.sql · master · Alexander Moras / sucs-site · GitLab,https://projects.sucs.org/vectre/sucs-site/-/blob/master/database.sql
