www.omicsgroup.com/conferences/ACS/conference/spea...,http://www.omicsgroup.com/conferences/ACS/conference/speaker_ppt/15222-Speaker-ppt.sql
nigeria-mrs-distribution/api/src/main/resources/sql/concepts ... - GitHub,https://github.com/nmrs-nigeria/nigeria-mrs-distribution/blob/master/api/src/main/resources/sql/concepts/concept_description_1.sql
eagle.sql - GitHub,https://github.com/sideris/Aegle--Android-EMR-Management-Diploma-Thesis-/blob/master/eagle.sql
knowledgebase/doknosis.sql at master - GitHub,https://github.com/DesignAtLarge/knowledgebase/blob/master/doknosis.sql
https://www.omicsgroup.com/conferences/ACS/confere...,https://www.omicsgroup.com/conferences/ACS/conference/speaker_ppt/15222-Speaker-ppt.sql
