https://tile.loc.gov/storage-services/public/gdcma...,https://tile.loc.gov/storage-services/public/gdcmassbookdig/historyofcalifor00capr/historyofcalifor00capr_djvu.txt
https://tile.loc.gov/storage-services/public/gdcma...,https://tile.loc.gov/storage-services/public/gdcmassbookdig/fresnocitycounty00fres/fresnocitycounty00fres_djvu.txt
https://ufdcimages.uflib.ufl.edu/UF/00/04/76/32/00...,https://ufdcimages.uflib.ufl.edu/UF/00/04/76/32/00003/00083.txt
https://ufdcimages.uflib.ufl.edu/UF/00/04/76/32/00...,https://ufdcimages.uflib.ufl.edu/UF/00/04/76/32/00002/00531.txt
Session3727Mormando7Greco.txt,https://thedocs.worldbank.org/en/doc/309091568656967425-0340022019/related/Session3727Mormando7Greco.txt
Lectures on the English Poets - Project Gutenberg,http://cpan.nust.na/gutenberg/1/6/2/0/16209/16209.txt
