www.seattlescrabble.org/data/ThemeLists/funny.txt,http://www.seattlescrabble.org/data/ThemeLists/funny.txt
#bella.txt on Tumblr,https://www.tumblr.com/tagged/bella.txt%3Fsort%3Drecent
www.cs.cmu.edu/afs/cs.cmu.edu/project/fgdata/OldFi...,http://www.cs.cmu.edu/afs/cs.cmu.edu/project/fgdata/OldFiles/DICT/UCLAshoup/cp3.txt
web.stanford.edu/class/archive/cs/cs106x/cs106x.11...,http://web.stanford.edu/class/archive/cs/cs106x/cs106x.1174/lectures/9-RecursiveBacktracking1/code/reducible/res/dictionary.txt
#ronan.txt on Tumblr,https://74.114.154.24/tagged/ronan.txt%3Fsort%3Dtop
dictionary.txt - Oracle Help Center,https://docs.oracle.com/javase/tutorial/collections/interfaces/examples/dictionary.txt
www.jrhaule.net/esf03.txt,http://www.jrhaule.net/esf03.txt
https://www.gutenberg.org/files/14844/14844-8.txt,https://www.gutenberg.org/files/14844/14844-8.txt
32267.txt - Project Gutenberg,https://www.gutenberg.org/files/32267/32267.txt
dictionary.txt - Department of Computer Science,http://www.cs.ucf.edu/~dmarino/ucf/dictionary.txt
damnatory wiethe anticlimactically submergible - CDC,https://ftp.cdc.gov/pub/health_Statistics/nchs/Software/mmds/2009/spell/mmds_spell.txt
dictionary.txt - Washington,https://courses.cs.washington.edu/courses/cse143/16au/lectures/sets-and-maps-2/dictionary.txt
https://www.eumed.net/cursecon/economistas/hobbes.txt,https://www.eumed.net/cursecon/economistas/hobbes.txt
huxleya-antichay-00 - Project Gutenberg Canada,https://gutenberg.ca/ebooks/huxleya-antichay/huxleya-antichay-00-t.txt
puzzle1000c.txt - FTP Directory Listing,ftp://ftp.cs.princeton.edu/pub/cs226/puzzle/puzzle1000c.txt
xlt-visual-assert/config/data/default/nouns.txt at master - GitHub,https://github.com/Xceptance/xlt-visual-assert/blob/master/config/data/default/nouns.txt
List of words - cs.wisc.edu,https://pages.cs.wisc.edu/~cat/cs368-2011-2/08-regexp1/input-8-words.txt
agitates fireproofed chariest tuneful Julliard's dustman - UIC,http://homepages.math.uic.edu/~leon/mcs360-f07/projects/3-4/dictionary-large-rand.txt
Dictionary,https://www.eecis.udel.edu/~lliao/cis320f05/dictionary.txt
