Compiling with g++,https://www.cs.fsu.edu/~myers/howto/g%2B%2Bcompiling.txt
compile_examples.txt - sysown/proxysql - GitHub,https://github.com/sysown/proxysql/blob/v2.x/compile_examples.txt
compiler.txt,https://www.stat.cmu.edu/~hseltman/files/compiler.txt
http://www.mit.edu/~jrising/resources/misc/webres/...,http://www.mit.edu/~jrising/resources/misc/webres/fractals/compiles.txt
CMakeLists.txt - toolchain/compiler-rt - Git at Google,https://android.googlesource.com/toolchain/compiler-rt/%2B/release_32/CMakeLists.txt
compile.txt - DGoldDragon28/Unangband - GitHub,https://github.com/DGoldDragon28/Unangband/blob/master/compile.txt
How to Compile - ftp://ftp.cpc.ncep.noaa.gov,https://ftp.cpc.ncep.noaa.gov/wd51we/wgrib/porting.txt
https://asdc.larc.nasa.gov/documents/maps/read_sof...,https://asdc.larc.nasa.gov/documents/maps/read_software/compile_read_maps_co5x5.txt
make.txt,http://www0.cs.ucl.ac.uk/staff/r.smith/make.txt
brief overview of gcc,https://www.cs.utexas.edu/users/ans/classes/cs439/docs/erics_gcc_overview.txt
compile-gnumeric.txt,http://ta.twi.tudelft.nl/dv/users/lemmens/Linux-tips/compile-gnumeric.txt
README.txt,https://www.cs.cmu.edu/afs/cs.cmu.edu/academic/class/15440-f11/P1/README.txt
Changing - PicklingTools,http://www.picklingtools.com/changes_1_7_0.txt
https://deramp.com/downloads/microsoft/CPM%20Softw...,https://deramp.com/downloads/microsoft/CPM%2520Software/Compiled%2520BASIC/HELP2.TXT
build_pgo_auto.txt - script - - The Go Programming Language,https://go.dev/src/cmd/go/testdata/script/build_pgo_auto.txt
http://www.geom.uiuc.edu/~bradb/qhull3.1/README.txt,http://www.geom.uiuc.edu/~bradb/qhull3.1/README.txt
tuning-notes-1.txt - Linux From Scratch!,https://www.linuxfromscratch.org/~ken/tuning/tuning-notes-1.txt
backends.txt - MIT,http://web.mit.edu/nim-lang_v0.16.0/nim-0.16.0/doc/backends.txt
obnc-compile - MIASAP,https://miasap.se/obnc/man/obnc-compile.txt
