01_insert_into_domains.sql - elfinwood-data-sci - GitHub,https://github.com/elfinwood-data-sci/learning-data-science/blob/main/Lessons/Lesson_006/01_insert_into_domains.sql
Tyrbot/modules/standard/nano/nanos.sql at master - GitHub,https://github.com/Budabot/Tyrbot/blob/master/modules/standard/nano/nanos.sql
https://raw.githubusercontent.com/Thinkful-Ed/star...,https://raw.githubusercontent.com/Thinkful-Ed/starter-postgresql/main/products.sql
09 Database scripts/M4EU DB/E-myb schema myb v2020.3/03 ...,https://geusgitlab.geus.dk/m4eu/2020-m4eu/-/blob/d36dcedc21ad4c19bbd481a3e0ddf7fc392618ba/09%2520Database%2520scripts/M4EU%2520DB/E-myb%2520schema%2520myb%2520v2020.3/03%2520emyb%2520myb%2520codelist%2520v2020.3.sql
09 Database scripts/E-MineralYearBook/03 codelist schema yb v1 ...,https://geusgitlab.geus.dk/m4eu/2019-ORAMA-v2.xx/-/blob/0ab8aa4d51f1f190572a75ea62edd1ddb6a82e12/09%2520Database%2520scripts/E-MineralYearBook/03%2520codelist%2520schema%2520yb%2520v1.00.sql
https://raw.githubusercontent.com/TrinityCore/Trin...,https://raw.githubusercontent.com/TrinityCore/TrinityCore/60e87db489b5bdb766e6e347a6dedd163adf30ec/sql/updates/world/2014_03_30_06_world_broadcast_text.sql
database.sql · master · Alexander Moras / sucs-site · GitLab - Projects,https://projects.sucs.org/vectre/sucs-site/-/blob/master/database.sql
