A Sunburnt Country,https://www.cs.cmu.edu/afs/cs/usr/will/www/poetry/Sunburnt.txt
https://etd.auburn.edu/bitstream/handle/10415/424/...,https://etd.auburn.edu/bitstream/handle/10415/424/BROOKS_KEVIN_26.pdf.txt%3Fsequence%3D2%26isAllowed%3Dy
annotation_english.txt - z https://is.muni.cz,https://is.muni.cz/th/hjcle/annotation_english.txt%3Fkod%3DCJBA13%3Blang%3Dcs%3Bstahnout%3D1%3Bdk%3DjSfntgZb
https://www.familysearch.org/service/records/stora...,https://www.familysearch.org/service/records/storage/das-mem/patron/v2/TH-904-70055-2021-66/dist.txt%3Fctx%3DArtCtxPublic
Redalder_chat.txt,https://s3-us-west-2.amazonaws.com/forestry.wsu.edu/wp-content/uploads/2022/12/Redalder_chat.txt
0602041.txt - Project Gutenberg Australia,https://gutenberg.net.au/ebooks06/0602041.txt
https://www.eighteenthcenturypoetry.org/works/o403...,https://www.eighteenthcenturypoetry.org/works/o4039-w0030/o4039-w0030.txt
130480-WP-P160033-PUBLIC-MIOMBO-policy-brief-2-promoting ...,https://documents1.worldbank.org/curated/en/590591538633708840/text/130480-WP-P160033-PUBLIC-MIOMBO-policy-brief-2-promoting-sustainable-timber-harvesting-180928.txt
https://digital.csic.es/bitstream/10261/13191/4/19...,https://digital.csic.es/bitstream/10261/13191/4/196_C%2520Sequestr_Chestnut.pdf.txt
https://ufdcimages.uflib.ufl.edu/LS/00/52/40/38/00...,https://ufdcimages.uflib.ufl.edu/LS/00/52/40/38/00001/LS00524038_00001.txt
